0 2.44949 1
1 2.44949 1
2 2.44949 1
3 2.44949 1
4 2.44949 1
5 2.44949 1
6 2.44949 1
7 2.44949 1
8 2.44949 1
9 2.44949 1
10 2.44949 1
11 2.44949 1
12 2.44949 1
13 2.44949 1
14 2.44949 1
15 2.44949 1
16 2.44949 1
17 2.44949 1
18 2.44949 1
19 2.44949 1
20 2.44949 1
21 2.44949 1
22 2.44949 1
23 2.44949 1
24 2.44949 1
25 2.44949 1
26 2.44949 1
27 2.44949 1
28 2.44949 1
29 2.44949 1
30 2.44949 1
31 2.44949 1
32 2.44949 1
33 2.44949 1
34 2.44949 1
35 2.44949 1
36 2.44949 1
37 2.44949 1
38 2.44949 1
39 2.44949 1
40 2.44949 1
41 2.44949 1
42 2.44949 1
43 2.44949 1
44 2.44949 1
45 2.44949 1
46 2.44949 1
47 2.44949 1
48 2.44949 1
49 2.44949 1
50 2.44949 1
51 2.44949 1
52 2.44949 1
53 2.44949 1
54 2.44949 1
55 2.44949 1
56 2.44949 1
57 2.44949 1
58 2.44949 1
59 2.44949 1
60 2.44949 1
61 2.44949 1
62 2.44949 1
63 2.44949 1
64 2.44949 1
65 2.44949 1
66 2.44949 1
67 2.44949 1
68 2.44949 1
69 2.44949 1
70 2.44949 1
71 2.44949 1
72 2.44949 1
73 2.44949 1
74 2.44949 1
75 2.44949 1
76 2.44949 1
77 2.44949 1
78 2.44949 1
79 2.44949 1
80 2.44949 1
81 2.44949 1
82 2.44949 1
83 2.44949 1
84 2.44949 1
85 2.44949 1
86 2.44949 1
87 2.44949 1
88 2.44949 1
89 2.44949 1
90 2.44949 1
91 2.44949 1
92 2.44949 1
93 2.44949 1
94 2.44949 1
95 2.44949 1
96 2.44949 1
97 2.44949 1
98 2.44949 1
99 2.44949 1
100 2.44949 1
101 2.44949 1
102 2.44949 1
103 2.44949 1
104 2.44949 1
105 2.44949 1
106 2.44949 1
107 2.44949 1
108 2.44949 1
109 2.44949 1
110 2.44949 1
111 2.44949 1
112 2.44949 1
113 2.44949 1
114 2.44949 1
115 2.44949 1
116 2.44949 1
117 2.44949 1
118 2.44949 1
119 2.44949 1
120 2.44949 1
121 2.44949 1
122 2.44949 1
123 2.44949 1
124 2.44949 1
125 2.44949 1
126 2.44949 1
127 2.44949 1
128 2.44949 1
129 2.44949 1
130 2.44949 1
131 2.44949 1
132 2.44949 1
133 2.44949 1
134 2.44949 1
135 2.44949 1
136 2.44949 1
137 2.44949 1
138 2.44949 1
139 2.44949 1
140 2.44949 1
141 2.44949 1
142 2.44949 1
143 2.44949 1
144 2.44949 1
145 2.44949 1
146 2.44949 1
147 2.44949 1
148 2.44949 1
149 2.44949 1
150 2.44949 1
151 2.44949 1
152 2.44949 1
153 2.44949 1
154 2.44949 1
155 2.44949 1
156 2.44949 1
157 2.44949 1
158 2.44949 1
159 2.44949 1
160 2.44949 1
161 2.44949 1
162 2.44949 1
163 2.44949 1
164 2.44949 1
165 2.44949 1
166 2.44949 1
167 2.44949 1
168 2.44949 1
169 2.44949 1
170 2.44949 1
171 2.44949 1
172 2.44949 1
173 2.44949 1
174 2.44949 1
175 2.44949 1
176 2.44949 1
177 2.44949 1
178 2.44949 1
179 2.44949 1
180 2.44949 1
181 2.44949 1
182 2.44949 1
183 2.44949 1
184 2.44949 1
185 2.44949 1
186 2.44949 1
187 2.44949 1
188 2.44949 1
189 2.44949 1
190 2.44949 1
191 2.44949 1
192 2.44949 1
193 2.44949 1
194 2.44949 1
195 2.44949 1
196 2.44949 1
197 2.44949 1
198 2.44949 1
199 2.44949 1
200 2.44949 1
201 2.44949 1
202 2.44949 1
203 2.44949 1
204 2.44949 1
205 2.44949 1
206 2.44949 1
207 2.44949 1
208 2.44949 1
209 2.44949 1
210 2.44949 1
211 2.44949 1
212 2.44949 1
213 2.44949 1
214 2.44949 1
215 2.44949 1
216 2.44949 1
217 2.44949 1
218 2.44949 1
219 2.44949 1
220 2.44949 1
221 2.44949 1
222 2.44949 1
223 2.44949 1
224 2.44949 1
225 2.44949 1
226 2.44949 1
227 2.44949 1
228 2.44949 1
229 2.44949 1
230 2.44949 1
231 2.44949 1
232 2.44949 1
233 2.44949 1
234 2.44949 1
235 2.44949 1
236 2.44949 1
237 2.44949 1
238 2.44949 1
239 2.44949 1
240 2.44949 1
241 2.44949 1
242 2.44949 1
243 2.44949 1
244 2.44949 1
245 2.44949 1
246 2.44949 1
247 2.44949 1
248 2.44949 1
249 2.44949 1
250 2.44949 1
251 2.44949 1
252 2.44949 1
253 2.44949 1
254 2.44949 1
255 2.44949 1
256 2.44949 1
257 2.44949 1
258 2.44949 1
259 2.44949 1
260 2.44949 1
261 2.44949 1
262 2.44949 1
263 2.44949 1
264 2.44949 1
265 2.44949 1
266 2.44949 1
267 2.44949 1
268 2.44949 1
269 2.44949 1
270 2.44949 1
271 2.44949 1
272 2.44949 1
273 2.44949 1
274 2.44949 1
275 2.44949 1
276 2.44949 1
277 2.44949 1
278 2.44949 1
279 2.44949 1
280 2.44949 1
281 2.44949 1
282 2.44949 1
283 2.44949 1
284 2.44949 1
285 2.44949 1
286 2.44949 1
287 2.44949 1
288 2.44949 1
289 2.44949 1
290 2.44949 1
291 2.44949 1
292 2.44949 1
293 2.44949 1
294 2.44949 1
295 2.44949 1
296 2.44949 1
297 2.44949 1
298 2.44949 1
299 2.44949 1
300 2.44949 1
301 2.44949 1
302 2.44949 1
303 2.44949 1
304 2.44949 1
305 2.44949 1
306 2.44949 1
307 2.44949 1
308 2.44949 1
309 2.44949 1
310 2.44949 1
311 2.44949 1
312 2.44949 1
313 2.44949 1
314 2.44949 1
315 2.44949 1
316 2.44949 1
317 2.44949 1
318 2.44949 1
319 2.44949 1
320 2.44949 1
321 2.44949 1
322 2.44949 1
323 2.44949 1
324 2.44949 1
325 2.44949 1
326 2.44949 1
327 2.44949 1
328 2.44949 1
329 2.44949 1
330 2.44949 1
331 2.44949 1
332 2.44949 1
333 2.44949 1
334 2.44949 1
335 2.44949 1
336 2.44949 1
337 2.44949 1
338 2.44949 1
339 2.44949 1
340 2.44949 1
341 2.44949 1
342 2.44949 1
343 2.44949 1
344 2.44949 1
345 2.44949 1
346 2.44949 1
347 2.44949 1
348 2.44949 1
349 2.44949 1
350 2.44949 1
351 2.44949 1
352 2.44949 1
353 2.44949 1
354 2.44949 1
355 2.44949 1
356 2.44949 1
357 2.44949 1
358 2.44949 1
359 2.44949 1
360 2.44949 1
361 2.44949 1
362 2.44949 1
363 2.44949 1
364 2.44949 1
365 2.44949 1
366 2.44949 1
367 2.44949 1
368 2.44949 1
369 2.44949 1
370 2.44949 1
371 2.44949 0.999999
372 2.44949 0.999999
373 2.44949 0.999999
374 2.44949 0.999999
375 2.44949 0.999999
376 2.44949 0.999999
377 2.44949 0.999999
378 2.44949 0.999999
379 2.44949 0.999999
380 2.44949 0.999999
381 2.44949 0.999998
382 2.44949 0.999998
383 2.44949 0.999998
384 2.44948 0.999998
385 2.44948 0.999997
386 2.44948 0.999997
387 2.44948 0.999996
388 2.44948 0.999995
389 2.44948 0.999995
390 2.44948 0.999994
391 2.44947 0.999993
392 2.44947 0.999992
393 2.44947 0.999991
394 2.44946 0.99999
395 2.44946 0.999988
396 2.44946 0.999987
397 2.44945 0.999984
398 2.44945 0.999984
399 2.44945 0.999983
400 2.44944 0.99998
401 2.44944 0.99998
402 2.44943 0.999976
403 2.44943 0.999975
404 2.44942 0.99997
405 2.44941 0.999967
406 2.44939 0.999958
407 2.44936 0.999947
408 2.44933 0.999936
409 2.44931 0.999926
410 2.44928 0.999915
411 2.44921 0.999886
412 2.44908 0.999833
413 2.44892 0.999766
414 2.44849 0.999594
415 2.44505 0.998188
416 2.43259 0.993101
417 0.290971 0.118788
418 0.145334 0.0593324
419 0.0668689 0.0272991
420 0.044998 0.0183704
421 0.0417759 0.0170549
422 0.0361612 0.0147627
423 0.0345115 0.0140893
424 0.0303843 0.0124043
425 0.0294387 0.0120183
426 0.0251069 0.0102499
427 0.022434 0.00915863
428 0.0197827 0.00807625
429 0.0179726 0.00733729
430 0.0173119 0.00706755
431 0.0157743 0.00643983
432 0.0153801 0.00627891
433 0.0148501 0.00606251
434 0.0135487 0.00553124
435 0.0133935 0.00546785
436 0.012213 0.00498593
437 0.0113613 0.00463824
438 0.0110722 0.0045202
439 0.0101806 0.00415622
440 0.00910142 0.00371564
441 0.00889889 0.00363296
442 0.00827166 0.00337689
443 0.00756219 0.00308725
444 0.00740603 0.0030235
445 0.00652087 0.00266214
446 0.00627057 0.00255995
447 0.00587557 0.00239869
448 0.00563776 0.0023016
449 0.00534717 0.00218297
450 0.00486655 0.00198676
451 0.00451348 0.00184262
452 0.00413403 0.00168771
453 0.00385366 0.00157325
454 0.00356776 0.00145653
455 0.00328501 0.0013411
456 0.00316005 0.00129009
457 0.00307348 0.00125474
458 0.00296561 0.00121071
459 0.00278935 0.00113875
460 0.0027469 0.00112142
461 0.00237367 0.000969045
462 0.00221062 0.000902481
463 0.00217861 0.000889414
464 0.00201545 0.000822802
465 0.00189013 0.000771643
466 0.00173288 0.000707444
467 0.00167545 0.000683999
468 0.00157753 0.000644023
469 0.0014841 0.000605881
470 0.00141773 0.000578787
471 0.00135011 0.000551178
472 0.00130061 0.000530973
473 0.00123918 0.000505895
474 0.00122187 0.000498825
475 0.00120021 0.000489986
476 0.00117054 0.000477872
477 0.00113638 0.000463926
478 0.00111242 0.000454144
479 0.00107897 0.000440489
480 0.00107606 0.000439301
481 0.00105716 0.000431584
482 0.0010476 0.000427681
483 0.00104555 0.000426845
484 0.00103995 0.000424557
485 0.00103723 0.000423447
486 0.00102779 0.000419594
487 0.00102591 0.000418826
488 0.00102435 0.000418188
489 0.00102049 0.000416614
490 0.00101839 0.000415756
491 0.00101799 0.000415595
492 0.00101708 0.000415219
493 0.00101704 0.000415204
494 0.00101681 0.000415111
495 0.00101679 0.000415104
496 0.00101672 0.000415072
497 0.00101667 0.000415053
498 0.00101666 0.000415051
499 0.00101663 0.000415039
500 0.00101663 0.000415036
501 0.00101662 0.000415032
502 0.00101661 0.000415028
503 0.0010166 0.000415027
504 0.0010166 0.000415027
505 0.0010166 0.000415027
506 0.0010166 0.000415026
507 0.0010166 0.000415026
508 0.0010166 0.000415026
509 0.0010166 0.000415026
510 0.0010166 0.000415026
511 0.0010166 0.000415026
512 0.0010166 0.000415026
513 0.0010166 0.000415026
514 0.0010166 0.000415026
515 0.0010166 0.000415026
516 0.0010166 0.000415026
517 0.0010166 0.000415026
518 0.0010166 0.000415026
519 0.0010166 0.000415026
520 0.0010166 0.000415026
521 0.0010166 0.000415026
522 0.0010166 0.000415026
523 0.0010166 0.000415026
524 0.0010166 0.000415026
525 0.0010166 0.000415026
526 0.0010166 0.000415026
527 0.0010166 0.000415026
528 0.0010166 0.000415026
529 0.0010166 0.000415026
530 0.0010166 0.000415026
531 0.0010166 0.000415026
532 0.0010166 0.000415026
533 0.0010166 0.000415026
534 0.0010166 0.000415026
535 0.0010166 0.000415026
536 0.0010166 0.000415026
537 0.0010166 0.000415026
538 0.0010166 0.000415026
539 0.0010166 0.000415026
540 0.0010166 0.000415026
541 0.0010166 0.000415026
542 0.0010166 0.000415026
543 0.0010166 0.000415026
544 0.0010166 0.000415026
545 0.0010166 0.000415026
546 0.0010166 0.000415026
547 0.0010166 0.000415026
548 0.0010166 0.000415026
549 0.0010166 0.000415026
550 0.0010166 0.000415026
551 0.0010166 0.000415026
552 0.0010166 0.000415026
553 0.0010166 0.000415026
554 0.0010166 0.000415026
555 0.0010166 0.000415026
556 0.0010166 0.000415026
557 0.0010166 0.000415026
558 0.0010166 0.000415026
559 0.0010166 0.000415026
560 0.0010166 0.000415026
561 0.0010166 0.000415026
562 0.0010166 0.000415026
563 0.0010166 0.000415026
564 0.0010166 0.000415026
565 0.0010166 0.000415026
566 0.0010166 0.000415026
567 0.0010166 0.000415026
568 0.0010166 0.000415026
569 0.0010166 0.000415026
570 0.0010166 0.000415026
571 0.0010166 0.000415026
572 0.0010166 0.000415026
573 0.0010166 0.000415026
574 0.0010166 0.000415026
575 0.0010166 0.000415026
576 0.0010166 0.000415026
577 0.0010166 0.000415026
578 0.0010166 0.000415026
579 0.0010166 0.000415026
580 0.0010166 0.000415026
581 0.0010166 0.000415026
582 0.0010166 0.000415026
583 0.0010166 0.000415026
584 0.0010166 0.000415026
585 0.0010166 0.000415026
586 0.0010166 0.000415026
587 0.0010166 0.000415026
588 0.0010166 0.000415026
589 0.0010166 0.000415026
590 0.0010166 0.000415026
591 0.0010166 0.000415026
592 0.0010166 0.000415026
593 0.0010166 0.000415026
594 0.0010166 0.000415026
595 0.0010166 0.000415026
596 0.0010166 0.000415026
597 0.0010166 0.000415026
598 0.0010166 0.000415026
599 0.0010166 0.000415026
600 0.0010166 0.000415026
601 0.0010166 0.000415026
602 0.0010166 0.000415026
603 0.0010166 0.000415026
604 0.0010166 0.000415026
605 0.0010166 0.000415026
606 0.0010166 0.000415026
607 0.0010166 0.000415026
608 0.0010166 0.000415026
609 0.0010166 0.000415026
610 0.0010166 0.000415026
611 0.0010166 0.000415026
612 0.0010166 0.000415026
613 0.0010166 0.000415026
614 0.0010166 0.000415026
615 0.0010166 0.000415026
616 0.0010166 0.000415026
617 0.0010166 0.000415026
618 0.0010166 0.000415026
619 0.0010166 0.000415026
620 0.0010166 0.000415026
621 0.0010166 0.000415026
622 0.0010166 0.000415026
623 0.0010166 0.000415026
624 0.0010166 0.000415026
625 0.0010166 0.000415026
626 0.0010166 0.000415026
627 0.0010166 0.000415026
628 0.0010166 0.000415026
629 0.0010166 0.000415026
630 0.0010166 0.000415026
631 0.0010166 0.000415026
632 0.0010166 0.000415026
633 0.0010166 0.000415026
634 0.0010166 0.000415025
635 0.0010166 0.000415025
636 0.0010166 0.000415024
637 0.00101658 0.000415018
638 0.00101615 0.000414843
639 0.00101414 0.000414019
640 0.00101057 0.000412565
641 0.00100465 0.000410149
642 0.000989596 0.000404001
643 0.000969967 0.000395988
644 0.000962553 0.00039296
645 0.000957656 0.000390961
646 0.00094877 0.000387334
647 0.00094612 0.000386252
648 0.000932529 0.000380703
649 0.000925368 0.00037778
650 0.000918354 0.000374916
651 0.000898409 0.000366774
652 0.000893391 0.000364726
653 0.000888308 0.00036265
654 0.000864956 0.000353117
655 0.000863087 0.000352354
656 0.000857351 0.000350012
657 0.000835958 0.000341278
658 0.000824377 0.00033655
659 0.000814994 0.00033272
660 0.000804219 0.000328321
661 0.000801035 0.000327021
662 0.000783976 0.000320057
663 0.000778839 0.00031796
664 0.000774155 0.000316047
665 0.000772158 0.000315232
666 0.000761466 0.000310867
667 0.000750324 0.000306318
668 0.000735438 0.000300241
669 0.000728384 0.000297361
670 0.000718855 0.000293471
671 0.000699547 0.000285589
672 0.000694234 0.00028342
673 0.000674562 0.000275389
674 0.000662474 0.000270454
675 0.000655399 0.000267565
676 0.000642766 0.000262408
677 0.000622476 0.000254125
678 0.000599851 0.000244888
679 0.000585017 0.000238832
680 0.00054234 0.000221409
681 0.000532114 0.000217235
682 0.000512992 0.000209428
683 0.000502255 0.000205045
684 0.000497885 0.000203261
685 0.000463135 0.000189074
686 0.000443975 0.000181252
687 0.000419691 0.000171338
688 0.00040637 0.0001659
689 0.000390493 0.000159418
690 0.000380453 0.000155319
691 0.000348417 0.000142241
692 0.000330409 0.000134889
693 0.000292151 0.00011927
694 0.00028689 0.000117122
695 0.000277403 0.000113249
696 0.00025887 0.000105683
697 0.000234457 9.57168e-05
698 0.000218206 8.90822e-05
699 0.000210695 8.60158e-05
700 0.000195179 7.96815e-05
701 0.000181224 7.39843e-05
702 0.000173738 7.09282e-05
703 0.000164157 6.70168e-05
704 0.000157685 6.43747e-05
705 0.000147429 6.01876e-05
706 0.000137606 5.61776e-05
707 0.000121837 4.97399e-05
708 0.000116723 4.7652e-05
709 0.000106385 4.34314e-05
710 0.000105767 4.31793e-05
711 0.000104153 4.25201e-05
712 9.58006e-05 3.91104e-05
713 9.05897e-05 3.69831e-05
714 8.45184e-05 3.45045e-05
715 8.33077e-05 3.40102e-05
716 7.6436e-05 3.12049e-05
717 6.68917e-05 2.73084e-05
718 6.30132e-05 2.5725e-05
719 5.38906e-05 2.20008e-05
720 5.26325e-05 2.14871e-05
721 4.53291e-05 1.85055e-05
722 4.02805e-05 1.64444e-05
723 3.90457e-05 1.59404e-05
724 3.49354e-05 1.42623e-05
725 3.24096e-05 1.32312e-05
726 2.95583e-05 1.20671e-05
727 2.88004e-05 1.17577e-05
728 2.689e-05 1.09778e-05
729 2.47523e-05 1.01051e-05
730 2.29267e-05 9.35978e-06
731 2.07674e-05 8.47825e-06
732 1.75033e-05 7.14568e-06
733 1.59978e-05 6.53107e-06
734 1.38505e-05 5.65445e-06
735 1.19507e-05 4.87885e-06
736 1.12057e-05 4.57472e-06
737 8.89596e-06 3.63176e-06
738 8.63138e-06 3.52375e-06
739 7.69608e-06 3.14191e-06
740 7.35733e-06 3.00362e-06
741 6.5909e-06 2.69072e-06
742 5.85021e-06 2.38834e-06
743 4.96004e-06 2.02493e-06
744 4.25247e-06 1.73606e-06
745 4.17973e-06 1.70637e-06
746 3.94349e-06 1.60992e-06
747 3.56179e-06 1.4541e-06
748 3.46376e-06 1.41407e-06
749 3.32911e-06 1.3591e-06
750 3.03299e-06 1.23821e-06
751 2.98979e-06 1.22058e-06
752 2.94933e-06 1.20406e-06
753 2.79897e-06 1.14267e-06
754 2.64533e-06 1.07995e-06
755 2.52489e-06 1.03078e-06
756 2.41467e-06 9.85784e-07
757 2.28248e-06 9.3182e-07
758 2.09839e-06 8.56663e-07
759 1.97732e-06 8.07236e-07
760 1.92672e-06 7.86581e-07
761 1.89878e-06 7.75172e-07
762 1.89046e-06 7.71775e-07
763 1.8088e-06 7.3844e-07
764 1.77291e-06 7.23789e-07
765 1.64665e-06 6.72242e-07
766 1.39078e-06 5.67786e-07
767 1.34651e-06 5.49709e-07
768 1.32406e-06 5.40545e-07
769 1.11718e-06 4.56085e-07
770 1.0222e-06 4.1731e-07
771 8.93087e-07 3.64601e-07
772 8.79167e-07 3.58918e-07
773 8.56401e-07 3.49624e-07
774 8.34393e-07 3.4064e-07
775 7.93779e-07 3.24059e-07
776 7.60711e-07 3.10559e-07
777 7.2132e-07 2.94478e-07
778 6.62885e-07 2.70622e-07
779 6.43681e-07 2.62782e-07
780 6.28015e-07 2.56386e-07
781 5.9285e-07 2.4203e-07
782 5.67589e-07 2.31717e-07
783 5.54427e-07 2.26344e-07
784 5.20942e-07 2.12674e-07
785 5.00954e-07 2.04513e-07
786 4.89657e-07 1.99902e-07
787 4.60744e-07 1.88098e-07
788 4.45586e-07 1.8191e-07
789 4.08564e-07 1.66795e-07
790 3.99765e-07 1.63203e-07
791 3.61873e-07 1.47734e-07
792 3.49947e-07 1.42865e-07
793 3.3221e-07 1.35624e-07
794 3.02531e-07 1.23508e-07
795 2.71429e-07 1.1081e-07
796 2.58741e-07 1.05631e-07
797 2.42867e-07 9.915e-08
798 2.36076e-07 9.63777e-08
799 2.24863e-07 9.17998e-08
800 2.13005e-07 8.69588e-08
801 2.11926e-07 8.65182e-08
802 2.0312e-07 8.29233e-08
803 1.86863e-07 7.62863e-08
804 1.79841e-07 7.34199e-08
805 1.70466e-07 6.95925e-08
806 1.66711e-07 6.80593e-08
807 1.58693e-07 6.47861e-08
808 1.49608e-07 6.10771e-08
809 1.48335e-07 6.05573e-08
810 1.3318e-07 5.43706e-08
811 1.28519e-07 5.24675e-08
812 1.22057e-07 4.98295e-08
813 1.18074e-07 4.82036e-08
814 1.10557e-07 4.51347e-08
815 1.02868e-07 4.19956e-08
816 9.23012e-08 3.76818e-08
817 9.19156e-08 3.75244e-08
818 8.63732e-08 3.52617e-08
819 7.72143e-08 3.15226e-08
820 7.24988e-08 2.95975e-08
821 7.07483e-08 2.88829e-08
822 6.13978e-08 2.50655e-08
823 5.82145e-08 2.3766e-08
824 5.39915e-08 2.2042e-08
825 4.9762e-08 2.03152e-08
826 4.88132e-08 1.99279e-08
827 4.32866e-08 1.76717e-08
828 4.10754e-08 1.67689e-08
829 3.75978e-08 1.53492e-08
830 3.55769e-08 1.45242e-08
831 3.02034e-08 1.23305e-08
832 2.92486e-08 1.19407e-08
833 2.87128e-08 1.1722e-08
834 2.47597e-08 1.01081e-08
835 2.35314e-08 9.60665e-09
836 2.15959e-08 8.81649e-09
837 2.12595e-08 8.67915e-09
838 1.92039e-08 7.83997e-09
839 1.81631e-08 7.41504e-09
840 1.68096e-08 6.86248e-09
841 1.50571e-08 6.14704e-09
842 1.41276e-08 5.76755e-09
843 1.32091e-08 5.39259e-09
844 1.27455e-08 5.20333e-09
845 1.22533e-08 5.0024e-09
846 1.1002e-08 4.49156e-09
847 9.69808e-09 3.95922e-09
848 7.70018e-09 3.14359e-09
849 7.48146e-09 3.05429e-09
850 7.08137e-09 2.89096e-09
851 6.72574e-09 2.74577e-09
852 5.989e-09 2.445e-09
853 5.23256e-09 2.13618e-09
854 4.90506e-09 2.00248e-09
855 4.82839e-09 1.97118e-09
856 4.54486e-09 1.85543e-09
857 4.17104e-09 1.70282e-09
858 4.1065e-09 1.67647e-09
859 3.77147e-09 1.5397e-09
860 3.34259e-09 1.36461e-09
861 3.19237e-09 1.30328e-09
862 2.90497e-09 1.18595e-09
863 2.41778e-09 9.87053e-10
864 2.12553e-09 8.67745e-10
865 2.09173e-09 8.53943e-10
866 1.98235e-09 8.09291e-10
867 1.9114e-09 7.80325e-10
868 1.89315e-09 7.72877e-10
869 1.80536e-09 7.37034e-10
870 1.74352e-09 7.1179e-10
871 1.52188e-09 6.21303e-10
872 1.43899e-09 5.87467e-10
873 1.39822e-09 5.70821e-10
874 1.33465e-09 5.44869e-10
875 1.28772e-09 5.25709e-10
876 1.20232e-09 4.90846e-10
877 1.15026e-09 4.69592e-10
878 1.12914e-09 4.60969e-10
879 1.09825e-09 4.48357e-10
880 1.09229e-09 4.45926e-10
881 1.00908e-09 4.11953e-10
882 9.97729e-10 4.07321e-10
883 9.83175e-10 4.01379e-10
884 9.45585e-10 3.86033e-10
885 9.18128e-10 3.74824e-10
886 9.02886e-10 3.68602e-10
887 8.6553e-10 3.53351e-10
888 8.04771e-10 3.28546e-10
889 7.90307e-10 3.22642e-10
890 6.78188e-10 2.76869e-10
891 6.26396e-10 2.55725e-10
892 5.77978e-10 2.35959e-10
893 5.68499e-10 2.32089e-10
894 5.27823e-10 2.15483e-10
895 5.19119e-10 2.11929e-10
896 5.02532e-10 2.05158e-10
897 4.9987e-10 2.04071e-10
898 4.85516e-10 1.98211e-10
899 4.66966e-10 1.90638e-10
900 4.59866e-10 1.8774e-10
901 4.45995e-10 1.82077e-10
902 4.29224e-10 1.7523e-10
903 4.25407e-10 1.73672e-10
904 4.11034e-10 1.67804e-10
905 3.98122e-10 1.62533e-10
906 3.79825e-10 1.55063e-10
907 3.67047e-10 1.49846e-10
908 3.59767e-10 1.46874e-10
909 3.53414e-10 1.4428e-10
910 3.35942e-10 1.37148e-10
911 3.22706e-10 1.31744e-10
912 3.14177e-10 1.28262e-10
913 3.09605e-10 1.26396e-10
914 3.05688e-10 1.24797e-10
915 2.89962e-10 1.18376e-10
916 2.86567e-10 1.1699e-10
917 2.79812e-10 1.14233e-10
918 2.71971e-10 1.11032e-10
919 2.69333e-10 1.09955e-10
920 2.66851e-10 1.08941e-10
921 2.63545e-10 1.07592e-10
922 2.50527e-10 1.02277e-10
923 2.43051e-10 9.9225e-11
924 2.34963e-10 9.5923e-11
925 2.31611e-10 9.45547e-11
926 2.25793e-10 9.21795e-11
927 2.2336e-10 9.11862e-11
928 2.21134e-10 9.02777e-11
929 2.11974e-10 8.65381e-11
930 2.06678e-10 8.43758e-11
931 2.04048e-10 8.33022e-11
932 1.95644e-10 7.98712e-11
933 1.90416e-10 7.77369e-11
934 1.89268e-10 7.72681e-11
935 1.85813e-10 7.5858e-11
936 1.83891e-10 7.5073e-11
937 1.82653e-10 7.45677e-11
938 1.79498e-10 7.32796e-11
939 1.75274e-10 7.15554e-11
940 1.6761e-10 6.84265e-11
941 1.6561e-10 6.76101e-11
942 1.63032e-10 6.65574e-11
943 1.61381e-10 6.58834e-11
944 1.57752e-10 6.44021e-11
945 1.57334e-10 6.42313e-11
946 1.5365e-10 6.27273e-11
947 1.50807e-10 6.15668e-11
948 1.47693e-10 6.02954e-11
949 1.44017e-10 5.87949e-11
950 1.4021e-10 5.72405e-11
951 1.38698e-10 5.6623e-11
952 1.38281e-10 5.64531e-11
953 1.3449e-10 5.49054e-11
954 1.3401e-10 5.47094e-11
955 1.30874e-10 5.3429e-11
956 1.28481e-10 5.24522e-11
957 1.2707e-10 5.18762e-11
958 1.2603e-10 5.14514e-11
959 1.23535e-10 5.0433e-11
960 1.22161e-10 4.9872e-11
961 1.2031e-10 4.91164e-11
962 1.19632e-10 4.88395e-11
963 1.17985e-10 4.81671e-11
964 1.15878e-10 4.73069e-11
965 1.15168e-10 4.70172e-11
966 1.12451e-10 4.59077e-11
967 1.11574e-10 4.55499e-11
968 1.10463e-10 4.50962e-11
969 1.09649e-10 4.47639e-11
970 1.07715e-10 4.39743e-11
971 1.04141e-10 4.25153e-11
972 1.03335e-10 4.21865e-11
973 1.00644e-10 4.10879e-11
974 9.87377e-11 4.03095e-11
975 9.82051e-11 4.00921e-11
976 9.65305e-11 3.94084e-11
977 9.49422e-11 3.876e-11
978 9.2533e-11 3.77764e-11
979 9.22076e-11 3.76436e-11
980 9.17527e-11 3.74579e-11
981 9.03466e-11 3.68838e-11
982 8.8651e-11 3.61916e-11
983 8.81548e-11 3.5989e-11
984 8.51469e-11 3.47611e-11
985 8.44264e-11 3.44669e-11
986 8.32751e-11 3.39969e-11
987 8.21969e-11 3.35567e-11
988 8.0941e-11 3.3044e-11
989 8.00193e-11 3.26678e-11
990 7.85852e-11 3.20823e-11
991 7.71546e-11 3.14982e-11
992 7.65156e-11 3.12374e-11
993 7.62936e-11 3.11467e-11
994 7.44725e-11 3.04033e-11
995 7.32043e-11 2.98855e-11
996 7.22887e-11 2.95117e-11
997 7.16183e-11 2.9238e-11
998 7.04154e-11 2.8747e-11
999 6.93223e-11 2.83007e-11
1000 6.89723e-11 2.81578e-11
1001 6.70591e-11 2.73768e-11
1002 6.6386e-11 2.7102e-11
1003 6.51945e-11 2.66155e-11
1004 6.42773e-11 2.62411e-11
1005 6.30918e-11 2.57571e-11
1006 6.18297e-11 2.52419e-11
1007 6.12562e-11 2.50077e-11
1008 5.96161e-11 2.43382e-11
1009 5.82899e-11 2.37967e-11
1010 5.67617e-11 2.31729e-11
1011 5.60951e-11 2.29007e-11
1012 5.60034e-11 2.28633e-11
1013 5.46808e-11 2.23233e-11
1014 5.36034e-11 2.18835e-11
1015 5.24114e-11 2.13969e-11
1016 5.15962e-11 2.10641e-11
1017 5.00708e-11 2.04413e-11
1018 4.99596e-11 2.03959e-11
1019 4.93834e-11 2.01607e-11
1020 4.8522e-11 1.9809e-11
1021 4.76132e-11 1.9438e-11
1022 4.61233e-11 1.88298e-11
1023 4.51012e-11 1.84125e-11
1024 4.47021e-11 1.82495e-11
1025 4.39685e-11 1.79501e-11
1026 4.35669e-11 1.77861e-11
1027 4.22628e-11 1.72537e-11
1028 4.19805e-11 1.71385e-11
1029 4.12822e-11 1.68534e-11
1030 4.04932e-11 1.65313e-11
1031 4.01e-11 1.63708e-11
1032 3.96363e-11 1.61815e-11
1033 3.88212e-11 1.58487e-11
1034 3.84704e-11 1.57055e-11
1035 3.81914e-11 1.55916e-11
1036 3.75284e-11 1.53209e-11
1037 3.69965e-11 1.51037e-11
1038 3.66206e-11 1.49503e-11
1039 3.62866e-11 1.48139e-11
1040 3.58431e-11 1.46329e-11
1041 3.55795e-11 1.45253e-11
1042 3.49663e-11 1.42749e-11
1043 3.45912e-11 1.41218e-11
1044 3.42756e-11 1.3993e-11
1045 3.40247e-11 1.38905e-11
1046 3.38281e-11 1.38103e-11
1047 3.34192e-11 1.36433e-11
1048 3.28724e-11 1.34201e-11
1049 3.26868e-11 1.33443e-11
1050 3.22018e-11 1.31463e-11
1051 3.21844e-11 1.31392e-11
1052 3.18988e-11 1.30226e-11
1053 3.16694e-11 1.2929e-11
1054 3.10955e-11 1.26947e-11
1055 3.08546e-11 1.25963e-11
1056 3.07197e-11 1.25413e-11
1057 3.03186e-11 1.23775e-11
1058 3.01512e-11 1.23092e-11
1059 2.99882e-11 1.22426e-11
1060 2.97315e-11 1.21378e-11
1061 2.96209e-11 1.20927e-11
1062 2.94779e-11 1.20343e-11
1063 2.89777e-11 1.18301e-11
1064 2.89506e-11 1.1819e-11
1065 2.87905e-11 1.17537e-11
1066 2.84714e-11 1.16234e-11
1067 2.83413e-11 1.15703e-11
1068 2.80904e-11 1.14679e-11
1069 2.77277e-11 1.13198e-11
1070 2.7362e-11 1.11705e-11
1071 2.73368e-11 1.11602e-11
1072 2.68716e-11 1.09703e-11
1073 2.6303e-11 1.07381e-11
1074 2.62648e-11 1.07225e-11
1075 2.61248e-11 1.06654e-11
1076 2.59876e-11 1.06094e-11
1077 2.5813e-11 1.05381e-11
1078 2.55997e-11 1.0451e-11
1079 2.54612e-11 1.03945e-11
1080 2.50474e-11 1.02256e-11
1081 2.4982e-11 1.01989e-11
1082 2.46061e-11 1.00454e-11
1083 2.44741e-11 9.99151e-12
1084 2.44031e-11 9.96254e-12
1085 2.41551e-11 9.86127e-12
1086 2.3884e-11 9.75059e-12
1087 2.37594e-11 9.69973e-12
1088 2.3453e-11 9.57465e-12
1089 2.32453e-11 9.48984e-12
1090 2.30826e-11 9.42344e-12
1091 2.30036e-11 9.3912e-12
1092 2.28741e-11 9.33832e-12
1093 2.25083e-11 9.18898e-12
1094 2.22534e-11 9.08492e-12
1095 2.21113e-11 9.02689e-12
1096 2.20344e-11 8.9955e-12
1097 2.18533e-11 8.92156e-12
1098 2.17404e-11 8.87547e-12
1099 2.15557e-11 8.80008e-12
1100 2.12989e-11 8.69523e-12
1101 2.11183e-11 8.62152e-12
1102 2.1043e-11 8.59076e-12
1103 2.08876e-11 8.52735e-12
1104 2.07846e-11 8.48526e-12
1105 2.06115e-11 8.4146e-12
1106 2.05475e-11 8.38849e-12
1107 2.04483e-11 8.34798e-12
1108 2.03265e-11 8.29824e-12
1109 2.01371e-11 8.22095e-12
1110 2.00175e-11 8.17212e-12
1111 1.97921e-11 8.08009e-12
1112 1.97002e-11 8.04259e-12
1113 1.96242e-11 8.01156e-12
1114 1.94695e-11 7.94839e-12
1115 1.93492e-11 7.89926e-12
1116 1.92407e-11 7.85497e-12
1117 1.92008e-11 7.83871e-12
1118 1.90266e-11 7.76756e-12
1119 1.89314e-11 7.72873e-12
1120 1.86928e-11 7.63129e-12
1121 1.86131e-11 7.59875e-12
1122 1.85704e-11 7.58134e-12
1123 1.84948e-11 7.55049e-12
1124 1.8414e-11 7.51747e-12
1125 1.83311e-11 7.48365e-12
1126 1.79643e-11 7.33391e-12
1127 1.78828e-11 7.30061e-12
1128 1.77171e-11 7.23298e-12
1129 1.7549e-11 7.16435e-12
1130 1.75262e-11 7.15506e-12
1131 1.74004e-11 7.1037e-12
1132 1.73528e-11 7.08424e-12
1133 1.72188e-11 7.02953e-12
1134 1.71855e-11 7.01593e-12
1135 1.70455e-11 6.95879e-12
1136 1.68732e-11 6.88846e-12
1137 1.67466e-11 6.83676e-12
1138 1.66328e-11 6.79031e-12
1139 1.66085e-11 6.78037e-12
1140 1.65759e-11 6.76709e-12
1141 1.64578e-11 6.71886e-12
1142 1.63288e-11 6.66621e-12
1143 1.62567e-11 6.63678e-12
1144 1.61178e-11 6.58007e-12
1145 1.60836e-11 6.56609e-12
1146 1.59643e-11 6.51741e-12
1147 1.59273e-11 6.50231e-12
1148 1.57895e-11 6.44605e-12
1149 1.5631e-11 6.38133e-12
1150 1.55247e-11 6.33793e-12
1151 1.54659e-11 6.31394e-12
1152 1.53937e-11 6.28446e-12
1153 1.53375e-11 6.26152e-12
1154 1.52499e-11 6.22575e-12
1155 1.50625e-11 6.14923e-12
1156 1.49756e-11 6.11375e-12
1157 1.48996e-11 6.08275e-12
1158 1.48164e-11 6.04878e-12
1159 1.47567e-11 6.02438e-12
1160 1.46854e-11 5.9953e-12
1161 1.45699e-11 5.94815e-12
1162 1.45168e-11 5.92647e-12
1163 1.44554e-11 5.90138e-12
1164 1.43731e-11 5.86779e-12
1165 1.43423e-11 5.85522e-12
1166 1.42673e-11 5.82461e-12
1167 1.41687e-11 5.78435e-12
1168 1.40885e-11 5.7516e-12
1169 1.40541e-11 5.73758e-12
1170 1.3965e-11 5.7012e-12
1171 1.38827e-11 5.66757e-12
1172 1.37525e-11 5.61445e-12
1173 1.37048e-11 5.59497e-12
1174 1.36221e-11 5.5612e-12
1175 1.36021e-11 5.55303e-12
1176 1.34229e-11 5.47986e-12
1177 1.33923e-11 5.46739e-12
1178 1.33217e-11 5.43855e-12
1179 1.32698e-11 5.41739e-12
1180 1.31819e-11 5.38147e-12
1181 1.30777e-11 5.33893e-12
1182 1.30055e-11 5.30946e-12
1183 1.29628e-11 5.29205e-12
1184 1.29219e-11 5.27534e-12
1185 1.28715e-11 5.25478e-12
1186 1.27962e-11 5.22401e-12
1187 1.27724e-11 5.21433e-12
1188 1.27329e-11 5.19818e-12
1189 1.26303e-11 5.15631e-12
1190 1.25402e-11 5.11952e-12
1191 1.2474e-11 5.09249e-12
1192 1.23974e-11 5.06123e-12
1193 1.23711e-11 5.0505e-12
1194 1.23266e-11 5.0323e-12
1195 1.22125e-11 4.98574e-12
1196 1.2118e-11 4.94716e-12
1197 1.20848e-11 4.9336e-12
1198 1.20288e-11 4.91072e-12
1199 1.20117e-11 4.90374e-12
1200 1.19436e-11 4.87596e-12
1201 1.19104e-11 4.86239e-12
1202 1.18172e-11 4.82437e-12
1203 1.17916e-11 4.81391e-12
1204 1.17477e-11 4.79599e-12
1205 1.1691e-11 4.77283e-12
1206 1.16726e-11 4.76531e-12
1207 1.15623e-11 4.72031e-12
1208 1.15399e-11 4.71115e-12
1209 1.15035e-11 4.6963e-12
1210 1.14036e-11 4.65548e-12
1211 1.13571e-11 4.63652e-12
1212 1.12703e-11 4.60107e-12
1213 1.12218e-11 4.58129e-12
1214 1.12159e-11 4.57889e-12
1215 1.11429e-11 4.54908e-12
1216 1.11083e-11 4.53496e-12
1217 1.09922e-11 4.48754e-12
1218 1.0949e-11 4.46992e-12
1219 1.09169e-11 4.45681e-12
1220 1.08449e-11 4.42742e-12
1221 1.07831e-11 4.40218e-12
1222 1.07101e-11 4.37238e-12
1223 1.0704e-11 4.36988e-12
1224 1.06652e-11 4.35405e-12
1225 1.06315e-11 4.3403e-12
1226 1.05562e-11 4.30954e-12
1227 1.04985e-11 4.28601e-12
1228 1.04485e-11 4.26557e-12
1229 1.03731e-11 4.23479e-12
1230 1.03588e-11 4.22896e-12
1231 1.03105e-11 4.20926e-12
1232 1.02372e-11 4.17934e-12
1233 1.02304e-11 4.17654e-12
1234 1.0213e-11 4.16946e-12
1235 1.01293e-11 4.13528e-12
1236 1.00603e-11 4.10711e-12
1237 1.0044e-11 4.10043e-12
1238 1.00355e-11 4.09699e-12
1239 9.98923e-12 4.07808e-12
1240 9.89966e-12 4.04152e-12
1241 9.865e-12 4.02737e-12
1242 9.83775e-12 4.01624e-12
1243 9.77763e-12 3.9917e-12
1244 9.6923e-12 3.95686e-12
1245 9.67313e-12 3.94904e-12
1246 9.59988e-12 3.91914e-12
1247 9.58369e-12 3.91253e-12
1248 9.56083e-12 3.90319e-12
1249 9.50252e-12 3.87939e-12
1250 9.47113e-12 3.86657e-12
1251 9.40429e-12 3.83929e-12
1252 9.3427e-12 3.81414e-12
1253 9.34149e-12 3.81365e-12
1254 9.25449e-12 3.77813e-12
1255 9.24847e-12 3.77567e-12
1256 9.19398e-12 3.75343e-12
1257 9.11405e-12 3.7208e-12
1258 9.08148e-12 3.7075e-12
1259 9.06862e-12 3.70225e-12
1260 9.03466e-12 3.68838e-12
1261 8.99333e-12 3.67151e-12
1262 8.96629e-12 3.66047e-12
1263 8.93673e-12 3.6484e-12
1264 8.89339e-12 3.63071e-12
1265 8.84094e-12 3.6093e-12
1266 8.83416e-12 3.60653e-12
1267 8.81636e-12 3.59927e-12
1268 8.71929e-12 3.55964e-12
1269 8.69164e-12 3.54835e-12
1270 8.65748e-12 3.5344e-12
1271 8.59863e-12 3.51038e-12
1272 8.59136e-12 3.50741e-12
1273 8.52103e-12 3.4787e-12
1274 8.51929e-12 3.47798e-12
1275 8.42619e-12 3.43998e-12
1276 8.406e-12 3.43174e-12
1277 8.37652e-12 3.4197e-12
1278 8.34041e-12 3.40496e-12
1279 8.31708e-12 3.39543e-12
1280 8.28402e-12 3.38194e-12
1281 8.20067e-12 3.34791e-12
1282 8.19659e-12 3.34624e-12
1283 8.16238e-12 3.33228e-12
1284 8.14349e-12 3.32457e-12
1285 8.10485e-12 3.30879e-12
1286 8.05251e-12 3.28742e-12
1287 8.01869e-12 3.27362e-12
1288 7.99034e-12 3.26204e-12
1289 7.95723e-12 3.24852e-12
1290 7.88883e-12 3.2206e-12
1291 7.88003e-12 3.21701e-12
1292 7.83755e-12 3.19967e-12
1293 7.80908e-12 3.18804e-12
1294 7.75201e-12 3.16474e-12
1295 7.73725e-12 3.15872e-12
1296 7.71149e-12 3.1482e-12
1297 7.67683e-12 3.13405e-12
1298 7.65706e-12 3.12598e-12
1299 7.61006e-12 3.10679e-12
1300 7.57635e-12 3.09303e-12
1301 7.5285e-12 3.0735e-12
1302 7.51069e-12 3.06623e-12
1303 7.46777e-12 3.04871e-12
1304 7.44578e-12 3.03973e-12
1305 7.39253e-12 3.01799e-12
1306 7.36809e-12 3.00801e-12
1307 7.35288e-12 3.0018e-12
1308 7.30008e-12 2.98024e-12
1309 7.2662e-12 2.96641e-12
1310 7.2477e-12 2.95886e-12
1311 7.21863e-12 2.94699e-12
1312 7.20567e-12 2.9417e-12
1313 7.16607e-12 2.92554e-12
1314 7.12213e-12 2.9076e-12
1315 7.11116e-12 2.90312e-12
1316 7.02319e-12 2.8672e-12
1317 7.00402e-12 2.85938e-12
1318 6.96729e-12 2.84438e-12
1319 6.95396e-12 2.83894e-12
1320 6.92406e-12 2.82674e-12
1321 6.87442e-12 2.80647e-12
1322 6.84125e-12 2.79293e-12
1323 6.81719e-12 2.78311e-12
1324 6.79602e-12 2.77446e-12
1325 6.75946e-12 2.75954e-12
1326 6.7501e-12 2.75572e-12
1327 6.70816e-12 2.73859e-12
1328 6.66805e-12 2.72222e-12
1329 6.66027e-12 2.71904e-12
1330 6.62511e-12 2.70469e-12
1331 6.59939e-12 2.69419e-12
1332 6.58277e-12 2.6874e-12
1333 6.56968e-12 2.68206e-12
1334 6.53623e-12 2.6684e-12
1335 6.50991e-12 2.65766e-12
1336 6.50177e-12 2.65434e-12
1337 6.46365e-12 2.63877e-12
1338 6.42408e-12 2.62262e-12
1339 6.40298e-12 2.61401e-12
1340 6.38228e-12 2.60555e-12
1341 6.35689e-12 2.59519e-12
1342 6.333e-12 2.58544e-12
1343 6.31315e-12 2.57733e-12
1344 6.27704e-12 2.56259e-12
1345 6.24058e-12 2.54771e-12
1346 6.2147e-12 2.53714e-12
1347 6.15e-12 2.51073e-12
1348 6.14597e-12 2.50908e-12
1349 6.12818e-12 2.50182e-12
1350 6.10602e-12 2.49277e-12
1351 6.04987e-12 2.46985e-12
1352 6.04116e-12 2.46629e-12
1353 6.03276e-12 2.46286e-12
1354 5.99914e-12 2.44914e-12
1355 5.96641e-12 2.43578e-12
1356 5.94876e-12 2.42857e-12
1357 5.93108e-12 2.42135e-12
1358 5.89497e-12 2.40661e-12
1359 5.85849e-12 2.39172e-12
1360 5.83575e-12 2.38244e-12
1361 5.8169e-12 2.37474e-12
1362 5.79911e-12 2.36748e-12
1363 5.75408e-12 2.34909e-12
1364 5.73767e-12 2.34239e-12
1365 5.70262e-12 2.32808e-12
1366 5.69654e-12 2.3256e-12
1367 5.65251e-12 2.30763e-12
1368 5.62357e-12 2.29581e-12
1369 5.61665e-12 2.29299e-12
1370 5.58972e-12 2.282e-12
1371 5.56662e-12 2.27256e-12
1372 5.56012e-12 2.26991e-12
1373 5.54056e-12 2.26193e-12
1374 5.49891e-12 2.24492e-12
1375 5.4721e-12 2.23398e-12
1376 5.43262e-12 2.21786e-12
1377 5.40997e-12 2.20861e-12
1378 5.39218e-12 2.20135e-12
1379 5.35967e-12 2.18808e-12
1380 5.3504e-12 2.18429e-12
1381 5.33211e-12 2.17682e-12
1382 5.29478e-12 2.16158e-12
1383 5.26584e-12 2.14977e-12
1384 5.24103e-12 2.13964e-12
1385 5.21704e-12 2.12985e-12
1386 5.19113e-12 2.11927e-12
1387 5.1777e-12 2.11379e-12
1388 5.1346e-12 2.09619e-12
1389 5.12345e-12 2.09164e-12
1390 5.11023e-12 2.08624e-12
1391 5.0752e-12 2.07194e-12
1392 5.06219e-12 2.06663e-12
1393 5.04253e-12 2.0586e-12
1394 5.03968e-12 2.05744e-12
1395 5.02065e-12 2.04967e-12
1396 5.00075e-12 2.04155e-12
1397 4.96332e-12 2.02627e-12
1398 4.94755e-12 2.01983e-12
1399 4.93613e-12 2.01517e-12
1400 4.90487e-12 2.0024e-12
1401 4.89544e-12 1.99855e-12
1402 4.85022e-12 1.98009e-12
1403 4.8467e-12 1.97866e-12
1404 4.83703e-12 1.97471e-12
1405 4.81294e-12 1.96488e-12
1406 4.79099e-12 1.95591e-12
1407 4.75706e-12 1.94206e-12
1408 4.74713e-12 1.93801e-12
1409 4.71931e-12 1.92665e-12
1410 4.70984e-12 1.92278e-12
1411 4.68358e-12 1.91207e-12
1412 4.65977e-12 1.90234e-12
1413 4.6164e-12 1.88464e-12
1414 4.59637e-12 1.87646e-12
1415 4.58526e-12 1.87193e-12
1416 4.56571e-12 1.86394e-12
1417 4.54977e-12 1.85743e-12
1418 4.5433e-12 1.85479e-12
1419 4.50467e-12 1.83902e-12
1420 4.48432e-12 1.83071e-12
1421 4.46818e-12 1.82413e-12
1422 4.45498e-12 1.81874e-12
1423 4.44395e-12 1.81424e-12
1424 4.42726e-12 1.80742e-12
1425 4.39934e-12 1.79602e-12
1426 4.37983e-12 1.78806e-12
1427 4.36311e-12 1.78123e-12
1428 4.33085e-12 1.76806e-12
1429 4.32331e-12 1.76499e-12
1430 4.3013e-12 1.756e-12
1431 4.27882e-12 1.74682e-12
1432 4.25753e-12 1.73813e-12
1433 4.24923e-12 1.73474e-12
1434 4.24289e-12 1.73215e-12
1435 4.20254e-12 1.71568e-12
1436 4.17906e-12 1.70609e-12
1437 4.16991e-12 1.70236e-12
1438 4.1586e-12 1.69774e-12
1439 4.13269e-12 1.68717e-12
1440 4.12352e-12 1.68342e-12
1441 4.10107e-12 1.67425e-12
1442 4.07996e-12 1.66563e-12
1443 4.07819e-12 1.66492e-12
1444 4.04736e-12 1.65233e-12
1445 4.01823e-12 1.64044e-12
1446 3.99974e-12 1.63289e-12
1447 3.98369e-12 1.62634e-12
1448 3.94916e-12 1.61224e-12
1449 3.93936e-12 1.60824e-12
1450 3.92778e-12 1.60351e-12
1451 3.90711e-12 1.59507e-12
1452 3.90144e-12 1.59276e-12
1453 3.89145e-12 1.58868e-12
1454 3.86271e-12 1.57694e-12
1455 3.84744e-12 1.57071e-12
1456 3.8406e-12 1.56792e-12
1457 3.81256e-12 1.55647e-12
1458 3.80639e-12 1.55395e-12
1459 3.7952e-12 1.54939e-12
1460 3.76101e-12 1.53542e-12
1461 3.75797e-12 1.53418e-12
1462 3.74958e-12 1.53076e-12
1463 3.71726e-12 1.51756e-12
1464 3.69325e-12 1.50776e-12
1465 3.69249e-12 1.50745e-12
1466 3.67111e-12 1.49872e-12
1467 3.66228e-12 1.49512e-12
1468 3.64595e-12 1.48845e-12
1469 3.63197e-12 1.48275e-12
1470 3.61983e-12 1.47779e-12
1471 3.60119e-12 1.47018e-12
1472 3.57777e-12 1.46062e-12
1473 3.55533e-12 1.45146e-12
1474 3.54867e-12 1.44874e-12
1475 3.54681e-12 1.44798e-12
1476 3.52286e-12 1.4382e-12
1477 3.5013e-12 1.4294e-12
1478 3.49187e-12 1.42555e-12
1479 3.4814e-12 1.42128e-12
1480 3.46232e-12 1.41349e-12
1481 3.44459e-12 1.40625e-12
1482 3.42985e-12 1.40023e-12
1483 3.40853e-12 1.39153e-12
1484 3.39561e-12 1.38625e-12
1485 3.39265e-12 1.38504e-12
1486 3.37794e-12 1.37904e-12
1487 3.34824e-12 1.36691e-12
1488 3.3396e-12 1.36338e-12
1489 3.33292e-12 1.36066e-12
1490 3.32497e-12 1.35741e-12
1491 3.30133e-12 1.34776e-12
1492 3.27913e-12 1.3387e-12
1493 3.26741e-12 1.33391e-12
1494 3.24574e-12 1.32507e-12
1495 3.24176e-12 1.32344e-12
1496 3.22147e-12 1.31516e-12
1497 3.18044e-12 1.29841e-12
1498 3.17589e-12 1.29655e-12
1499 3.15571e-12 1.28831e-12
1500 3.14795e-12 1.28514e-12
1501 3.12366e-12 1.27523e-12
1502 3.10469e-12 1.26748e-12
1503 3.10338e-12 1.26695e-12
1504 3.08227e-12 1.25833e-12
1505 3.06719e-12 1.25218e-12
1506 3.05204e-12 1.24599e-12
1507 3.03152e-12 1.23761e-12
1508 3.01823e-12 1.23219e-12
1509 3.00333e-12 1.2261e-12
1510 2.99305e-12 1.22191e-12
1511 2.98638e-12 1.21918e-12
1512 2.97335e-12 1.21386e-12
1513 2.95989e-12 1.20837e-12
1514 2.94563e-12 1.20255e-12
1515 2.93469e-12 1.19808e-12
1516 2.90748e-12 1.18697e-12
1517 2.90055e-12 1.18414e-12
1518 2.87639e-12 1.17428e-12
1519 2.87097e-12 1.17207e-12
1520 2.85657e-12 1.16619e-12
1521 2.85473e-12 1.16544e-12
1522 2.82561e-12 1.15355e-12
1523 2.81216e-12 1.14806e-12
1524 2.78228e-12 1.13586e-12
1525 2.76977e-12 1.13076e-12
1526 2.75818e-12 1.12602e-12
1527 2.73887e-12 1.11814e-12
1528 2.72355e-12 1.11188e-12
1529 2.72061e-12 1.11068e-12
1530 2.70451e-12 1.10411e-12
1531 2.68618e-12 1.09663e-12
1532 2.6709e-12 1.09039e-12
1533 2.66477e-12 1.08789e-12
1534 2.64705e-12 1.08066e-12
1535 2.64124e-12 1.07828e-12
1536 2.62512e-12 1.0717e-12
1537 2.61769e-12 1.06867e-12
1538 2.59728e-12 1.06034e-12
1539 2.57123e-12 1.0497e-12
1540 2.55785e-12 1.04424e-12
1541 2.55288e-12 1.04221e-12
1542 2.5404e-12 1.03712e-12
1543 2.52193e-12 1.02958e-12
1544 2.51813e-12 1.02802e-12
1545 2.50384e-12 1.02219e-12
1546 2.4926e-12 1.0176e-12
1547 2.46501e-12 1.00634e-12
1548 2.46191e-12 1.00507e-12
1549 2.45472e-12 1.00214e-12
1550 2.43629e-12 9.94611e-13
1551 2.42031e-12 9.88089e-13
1552 2.39572e-12 9.78047e-13
1553 2.37903e-12 9.71233e-13
1554 2.36619e-12 9.65992e-13
1555 2.35622e-12 9.61925e-13
1556 2.34311e-12 9.56571e-13
1557 2.33058e-12 9.51455e-13
1558 2.31475e-12 9.44991e-13
1559 2.30239e-12 9.39948e-13
1560 2.29285e-12 9.36053e-13
1561 2.27227e-12 9.27649e-13
1562 2.26098e-12 9.2304e-13
1563 2.25106e-12 9.18993e-13
1564 2.2343e-12 9.12147e-13
1565 2.21878e-12 9.05813e-13
1566 2.20461e-12 9.00026e-13
1567 2.1901e-12 8.94105e-13
1568 2.17747e-12 8.88948e-13
1569 2.17084e-12 8.86242e-13
1570 2.15628e-12 8.80296e-13
1571 2.14773e-12 8.76807e-13
1572 2.12656e-12 8.68166e-13
1573 2.11255e-12 8.62445e-13
1574 2.10624e-12 8.59868e-13
1575 2.09998e-12 8.57314e-13
1576 2.07496e-12 8.47101e-13
1577 2.06011e-12 8.41035e-13
1578 2.0457e-12 8.35153e-13
1579 2.03122e-12 8.29241e-13
1580 2.01912e-12 8.24301e-13
1581 2.00265e-12 8.17579e-13
1582 1.99548e-12 8.1465e-13
1583 1.97947e-12 8.08115e-13
1584 1.97352e-12 8.05685e-13
1585 1.94858e-12 7.95504e-13
1586 1.93777e-12 7.91091e-13
1587 1.93646e-12 7.90556e-13
1588 1.92838e-12 7.87257e-13
1589 1.91011e-12 7.798e-13
1590 1.90194e-12 7.76465e-13
1591 1.87833e-12 7.66825e-13
1592 1.8501e-12 7.55299e-13
1593 1.83379e-12 7.48643e-13
1594 1.82556e-12 7.45282e-13
1595 1.82159e-12 7.43662e-13
1596 1.80918e-12 7.38596e-13
1597 1.79325e-12 7.32092e-13
1598 1.77633e-12 7.25186e-13
1599 1.76354e-12 7.19964e-13
1600 1.75691e-12 7.17257e-13
1601 1.7306e-12 7.06516e-13
1602 1.7215e-12 7.02799e-13
1603 1.71627e-12 7.00666e-13
1604 1.69242e-12 6.90926e-13
1605 1.67908e-12 6.8548e-13
1606 1.67093e-12 6.82153e-13
1607 1.65929e-12 6.77403e-13
1608 1.64645e-12 6.72161e-13
1609 1.63786e-12 6.68653e-13
1610 1.61327e-12 6.58616e-13
1611 1.60218e-12 6.54088e-13
1612 1.59322e-12 6.5043e-13
1613 1.58732e-12 6.48021e-13
1614 1.57673e-12 6.43699e-13
1615 1.54337e-12 6.30079e-13
1616 1.51998e-12 6.20531e-13
1617 1.50961e-12 6.16297e-13
1618 1.49443e-12 6.101e-13
1619 1.47306e-12 6.01373e-13
1620 1.45635e-12 5.94551e-13
1621 1.43291e-12 5.84981e-13
1622 1.41807e-12 5.78924e-13
1623 1.40357e-12 5.73004e-13
1624 1.38543e-12 5.65598e-13
1625 1.36826e-12 5.5859e-13
1626 1.35319e-12 5.52436e-13
1627 1.34454e-12 5.48906e-13
1628 1.32486e-12 5.4087e-13
1629 1.31112e-12 5.35261e-13
1630 1.30543e-12 5.3294e-13
1631 1.29483e-12 5.28612e-13
1632 1.26977e-12 5.18383e-13
1633 1.26044e-12 5.14571e-13
1634 1.25162e-12 5.1097e-13
1635 1.23117e-12 5.02622e-13
1636 1.20657e-12 4.9258e-13
1637 1.19734e-12 4.88814e-13
1638 1.17846e-12 4.81104e-13
1639 1.15812e-12 4.728e-13
1640 1.15457e-12 4.71349e-13
1641 1.12764e-12 4.60357e-13
1642 1.11293e-12 4.54352e-13
1643 1.1055e-12 4.51318e-13
1644 1.08355e-12 4.42359e-13
1645 1.07252e-12 4.37856e-13
1646 1.05569e-12 4.30982e-13
1647 1.03933e-12 4.24305e-13
1648 1.01281e-12 4.13479e-13
1649 1.01031e-12 4.12456e-13
1650 9.95294e-13 4.06327e-13
1651 9.89057e-13 4.03781e-13
1652 9.72484e-13 3.97015e-13
1653 9.53152e-13 3.89123e-13
1654 9.49519e-13 3.8764e-13
1655 9.45865e-13 3.86148e-13
1656 9.30449e-13 3.79854e-13
1657 9.22931e-13 3.76785e-13
1658 8.87391e-13 3.62276e-13
1659 8.77927e-13 3.58412e-13
1660 8.72727e-13 3.56289e-13
1661 8.56707e-13 3.49749e-13
1662 8.53224e-13 3.48327e-13
1663 8.40079e-13 3.42961e-13
1664 8.32754e-13 3.39971e-13
1665 8.19479e-13 3.34551e-13
1666 7.93338e-13 3.23879e-13
1667 7.88465e-13 3.2189e-13
1668 7.73637e-13 3.15836e-13
1669 7.68081e-13 3.13568e-13
1670 7.62869e-13 3.1144e-13
1671 7.57404e-13 3.09209e-13
1672 7.50451e-13 3.0637e-13
1673 7.30545e-13 2.98244e-13
1674 7.19279e-13 2.93644e-13
1675 7.1609e-13 2.92343e-13
1676 7.13237e-13 2.91178e-13
1677 7.09501e-13 2.89653e-13
1678 6.92632e-13 2.82766e-13
1679 6.77758e-13 2.76694e-13
1680 6.74682e-13 2.75438e-13
1681 6.68244e-13 2.72809e-13
1682 6.55843e-13 2.67747e-13
1683 6.43971e-13 2.629e-13
1684 6.35336e-13 2.59375e-13
1685 6.29883e-13 2.57149e-13
1686 6.27993e-13 2.56377e-13
1687 6.23093e-13 2.54376e-13
1688 6.06603e-13 2.47645e-13
1689 6.04279e-13 2.46696e-13
1690 5.9329e-13 2.4221e-13
1691 5.87579e-13 2.39878e-13
1692 5.76369e-13 2.35302e-13
1693 5.71689e-13 2.33391e-13
1694 5.64324e-13 2.30384e-13
1695 5.58428e-13 2.27977e-13
1696 5.44439e-13 2.22266e-13
1697 5.40128e-13 2.20506e-13
1698 5.38048e-13 2.19657e-13
1699 5.36687e-13 2.19102e-13
1700 5.22931e-13 2.13486e-13
1701 5.20959e-13 2.12681e-13
1702 5.16728e-13 2.10953e-13
1703 5.05975e-13 2.06563e-13
1704 4.94047e-13 2.01694e-13
1705 4.93365e-13 2.01415e-13
1706 4.92245e-13 2.00958e-13
1707 4.87088e-13 1.98853e-13
1708 4.7882e-13 1.95477e-13
1709 4.74162e-13 1.93576e-13
1710 4.6868e-13 1.91338e-13
1711 4.57885e-13 1.86931e-13
1712 4.57157e-13 1.86634e-13
1713 4.52102e-13 1.8457e-13
1714 4.41941e-13 1.80422e-13
1715 4.33133e-13 1.76826e-13
1716 4.3011e-13 1.75592e-13
1717 4.26469e-13 1.74105e-13
1718 4.17678e-13 1.70517e-13
1719 4.09702e-13 1.6726e-13
1720 4.05513e-13 1.6555e-13
1721 4.03444e-13 1.64705e-13
1722 4.02024e-13 1.64126e-13
1723 3.967e-13 1.61952e-13
1724 3.92267e-13 1.60142e-13
1725 3.87282e-13 1.58107e-13
1726 3.81402e-13 1.55707e-13
1727 3.78224e-13 1.54409e-13
1728 3.72736e-13 1.52169e-13
1729 3.68263e-13 1.50343e-13
1730 3.59958e-13 1.46952e-13
1731 3.55092e-13 1.44966e-13
1732 3.54837e-13 1.44861e-13
1733 3.54347e-13 1.44662e-13
1734 3.50262e-13 1.42994e-13
1735 3.39881e-13 1.38756e-13
1736 3.39045e-13 1.38414e-13
1737 3.37534e-13 1.37798e-13
1738 3.32239e-13 1.35636e-13
1739 3.31067e-13 1.35157e-13
1740 3.30926e-13 1.351e-13
1741 3.27417e-13 1.33667e-13
1742 3.23853e-13 1.32212e-13
1743 3.18722e-13 1.30118e-13
1744 3.13903e-13 1.2815e-13
1745 3.13602e-13 1.28028e-13
1746 3.07833e-13 1.25672e-13
1747 3.0398e-13 1.24099e-13
1748 2.99755e-13 1.22375e-13
1749 2.96996e-13 1.21248e-13
1750 2.94761e-13 1.20336e-13
1751 2.91531e-13 1.19017e-13
1752 2.90031e-13 1.18405e-13
1753 2.8608e-13 1.16792e-13
1754 2.8099e-13 1.14713e-13
1755 2.78242e-13 1.13592e-13
1756 2.77319e-13 1.13215e-13
1757 2.74251e-13 1.11963e-13
1758 2.71188e-13 1.10712e-13
1759 2.68923e-13 1.09787e-13
1760 2.65579e-13 1.08422e-13
1761 2.65021e-13 1.08194e-13
1762 2.63579e-13 1.07606e-13
1763 2.62067e-13 1.06988e-13
1764 2.56864e-13 1.04864e-13
1765 2.53916e-13 1.03661e-13
1766 2.53609e-13 1.03535e-13
1767 2.50564e-13 1.02292e-13
1768 2.47859e-13 1.01188e-13
1769 2.45836e-13 1.00362e-13
1770 2.42557e-13 9.90234e-14
1771 2.40888e-13 9.83423e-14
1772 2.38478e-13 9.73581e-14
1773 2.36565e-13 9.65772e-14
1774 2.34076e-13 9.55613e-14
1775 2.31867e-13 9.46594e-14
1776 2.30136e-13 9.39525e-14
1777 2.26254e-13 9.23677e-14
1778 2.25425e-13 9.20295e-14
1779 2.23558e-13 9.12672e-14
1780 2.23043e-13 9.10567e-14
1781 2.20793e-13 9.01386e-14
1782 2.18845e-13 8.9343e-14
1783 2.17727e-13 8.88865e-14
1784 2.16934e-13 8.85629e-14
1785 2.14868e-13 8.77197e-14
1786 2.13546e-13 8.71796e-14
1787 2.12028e-13 8.65601e-14
1788 2.10899e-13 8.6099e-14
1789 2.09572e-13 8.55575e-14
1790 2.06555e-13 8.43257e-14
1791 2.03084e-13 8.29088e-14
1792 2.02601e-13 8.27117e-14
1793 2.01286e-13 8.21747e-14
1794 1.9772e-13 8.0719e-14
1795 1.94543e-13 7.94219e-14
1796 1.93574e-13 7.90265e-14
1797 1.92976e-13 7.8782e-14
1798 1.91077e-13 7.8007e-14
1799 1.90645e-13 7.78304e-14
1800 1.88168e-13 7.68191e-14
1801 1.87825e-13 7.66794e-14
1802 1.85322e-13 7.56573e-14
1803 1.8445e-13 7.53015e-14
1804 1.82055e-13 7.43238e-14
1805 1.80491e-13 7.3685e-14
1806 1.79993e-13 7.34819e-14
1807 1.78865e-13 7.30211e-14
1808 1.77362e-13 7.24075e-14
1809 1.75769e-13 7.17573e-14
1810 1.74673e-13 7.13101e-14
1811 1.72714e-13 7.051e-14
1812 1.71942e-13 7.01949e-14
1813 1.70151e-13 6.9464e-14
1814 1.68112e-13 6.86314e-14
1815 1.67235e-13 6.82735e-14
1816 1.65542e-13 6.75822e-14
1817 1.64849e-13 6.72992e-14
1818 1.62869e-13 6.64911e-14
1819 1.61538e-13 6.59476e-14
1820 1.5885e-13 6.48501e-14
1821 1.57611e-13 6.43444e-14
1822 1.5501e-13 6.32825e-14
1823 1.5422e-13 6.29602e-14
1824 1.53528e-13 6.26776e-14
1825 1.52286e-13 6.21704e-14
1826 1.51321e-13 6.17765e-14
1827 1.50552e-13 6.14628e-14
1828 1.49622e-13 6.1083e-14
1829 1.49244e-13 6.09288e-14
1830 1.47602e-13 6.02583e-14
1831 1.47139e-13 6.00693e-14
1832 1.46413e-13 5.97728e-14
1833 1.45164e-13 5.92631e-14
1834 1.43653e-13 5.8646e-14
1835 1.4194e-13 5.79467e-14
1836 1.41629e-13 5.78197e-14
1837 1.40668e-13 5.74275e-14
1838 1.38363e-13 5.64865e-14
1839 1.37248e-13 5.60314e-14
1840 1.35625e-13 5.53685e-14
1841 1.34365e-13 5.48545e-14
1842 1.33341e-13 5.44362e-14
1843 1.33109e-13 5.43414e-14
1844 1.31838e-13 5.38226e-14
1845 1.30932e-13 5.34527e-14
1846 1.30603e-13 5.33186e-14
1847 1.29902e-13 5.30321e-14
1848 1.28268e-13 5.2365e-14
1849 1.27268e-13 5.19571e-14
1850 1.26252e-13 5.15423e-14
1851 1.25586e-13 5.12702e-14
1852 1.25026e-13 5.10416e-14
1853 1.23625e-13 5.04699e-14
1854 1.22048e-13 4.98259e-14
1855 1.21749e-13 4.97039e-14
1856 1.20867e-13 4.93438e-14
1857 1.20383e-13 4.9146e-14
1858 1.19355e-13 4.87264e-14
1859 1.18767e-13 4.84865e-14
1860 1.17918e-13 4.81397e-14
1861 1.17756e-13 4.80735e-14
1862 1.16802e-13 4.76843e-14
1863 1.15851e-13 4.72958e-14
1864 1.15177e-13 4.7021e-14
1865 1.14325e-13 4.6673e-14
1866 1.12757e-13 4.60327e-14
1867 1.12348e-13 4.58661e-14
1868 1.11461e-13 4.55036e-14
1869 1.10898e-13 4.5274e-14
1870 1.0966e-13 4.47683e-14
1871 1.08415e-13 4.426e-14
1872 1.07766e-13 4.39951e-14
1873 1.07011e-13 4.36871e-14
1874 1.06259e-13 4.33802e-14
1875 1.0585e-13 4.32132e-14
1876 1.05304e-13 4.299e-14
1877 1.03792e-13 4.2373e-14
1878 1.03536e-13 4.22685e-14
1879 1.02691e-13 4.19233e-14
1880 1.02285e-13 4.17575e-14
1881 1.01749e-13 4.15388e-14
1882 1.01027e-13 4.12442e-14
1883 1.00172e-13 4.08951e-14
1884 1.00083e-13 4.08587e-14
1885 9.91158e-14 4.04639e-14
1886 9.83937e-14 4.0169e-14
1887 9.78853e-14 3.99615e-14
1888 9.75716e-14 3.98335e-14
1889 9.69778e-14 3.9591e-14
1890 9.55457e-14 3.90064e-14
1891 9.52315e-14 3.88781e-14
1892 9.4981e-14 3.87758e-14
1893 9.39267e-14 3.83454e-14
1894 9.30584e-14 3.79909e-14
1895 9.2449e-14 3.77421e-14
1896 9.22173e-14 3.76476e-14
1897 9.15864e-14 3.739e-14
1898 9.10932e-14 3.71886e-14
1899 9.03587e-14 3.68888e-14
1900 8.98953e-14 3.66996e-14
1901 8.95298e-14 3.65504e-14
1902 8.88919e-14 3.629e-14
1903 8.82328e-14 3.60209e-14
1904 8.76983e-14 3.58027e-14
1905 8.70408e-14 3.55343e-14
1906 8.64091e-14 3.52764e-14
1907 8.60091e-14 3.51131e-14
1908 8.47078e-14 3.45818e-14
1909 8.44334e-14 3.44698e-14
1910 8.39924e-14 3.42897e-14
1911 8.37521e-14 3.41917e-14
1912 8.32006e-14 3.39665e-14
1913 8.24578e-14 3.36632e-14
1914 8.21241e-14 3.3527e-14
1915 8.129e-14 3.31865e-14
1916 8.09963e-14 3.30666e-14
1917 8.04312e-14 3.28359e-14
1918 8.00802e-14 3.26926e-14
1919 7.92777e-14 3.2365e-14
1920 7.87553e-14 3.21517e-14
1921 7.84479e-14 3.20262e-14
1922 7.80791e-14 3.18757e-14
1923 7.71912e-14 3.15132e-14
1924 7.68446e-14 3.13717e-14
1925 7.60988e-14 3.10672e-14
1926 7.56968e-14 3.09031e-14
1927 7.51455e-14 3.0678e-14
1928 7.47132e-14 3.05016e-14
1929 7.42647e-14 3.03184e-14
1930 7.32122e-14 2.98887e-14
1931 7.27779e-14 2.97115e-14
1932 7.20409e-14 2.94106e-14
1933 7.16799e-14 2.92632e-14
1934 7.14115e-14 2.91536e-14
1935 7.09056e-14 2.89471e-14
1936 7.04151e-14 2.87468e-14
1937 7.02812e-14 2.86922e-14
1938 7.00306e-14 2.85899e-14
1939 6.937e-14 2.83202e-14
1940 6.90346e-14 2.81832e-14
1941 6.84149e-14 2.79303e-14
1942 6.81441e-14 2.78197e-14
1943 6.72148e-14 2.74403e-14
1944 6.71133e-14 2.73989e-14
1945 6.66376e-14 2.72047e-14
1946 6.62494e-14 2.70462e-14
1947 6.5827e-14 2.68738e-14
1948 6.5479e-14 2.67317e-14
1949 6.52843e-14 2.66522e-14
1950 6.47846e-14 2.64482e-14
1951 6.44295e-14 2.63032e-14
1952 6.41854e-14 2.62036e-14
1953 6.37444e-14 2.60236e-14
1954 6.3374e-14 2.58723e-14
1955 6.31333e-14 2.57741e-14
1956 6.29782e-14 2.57107e-14
1957 6.21649e-14 2.53787e-14
1958 6.18688e-14 2.52578e-14
1959 6.13528e-14 2.50472e-14
1960 6.10843e-14 2.49376e-14
1961 6.09148e-14 2.48684e-14
1962 6.02422e-14 2.45938e-14
1963 6.00548e-14 2.45173e-14
1964 5.9551e-14 2.43116e-14
1965 5.94302e-14 2.42623e-14
1966 5.88254e-14 2.40154e-14
1967 5.80799e-14 2.3711e-14
1968 5.76526e-14 2.35366e-14
1969 5.75198e-14 2.34824e-14
1970 5.71496e-14 2.33312e-14
1971 5.70156e-14 2.32765e-14
1972 5.64133e-14 2.30306e-14
1973 5.62602e-14 2.29681e-14
1974 5.61128e-14 2.2908e-14
1975 5.59704e-14 2.28498e-14
1976 5.55978e-14 2.26977e-14
1977 5.48624e-14 2.23975e-14
1978 5.4499e-14 2.22491e-14
1979 5.38349e-14 2.1978e-14
1980 5.35934e-14 2.18794e-14
1981 5.3434e-14 2.18143e-14
1982 5.32475e-14 2.17382e-14
1983 5.31229e-14 2.16873e-14
1984 5.25572e-14 2.14564e-14
1985 5.25042e-14 2.14347e-14
1986 5.23557e-14 2.13741e-14
1987 5.18488e-14 2.11672e-14
1988 5.12568e-14 2.09255e-14
1989 5.11093e-14 2.08653e-14
1990 5.1018e-14 2.0828e-14
1991 5.05366e-14 2.06315e-14
1992 5.02203e-14 2.05024e-14
1993 4.98583e-14 2.03546e-14
1994 4.9275e-14 2.01164e-14
1995 4.91104e-14 2.00493e-14
1996 4.86678e-14 1.98686e-14
1997 4.83169e-14 1.97253e-14
1998 4.80555e-14 1.96186e-14
1999 4.78961e-14 1.95535e-14
2000 4.74635e-14 1.93769e-14
2001 4.71994e-14 1.92691e-14
2002 4.7182e-14 1.9262e-14
2003 4.68685e-14 1.9134e-14
2004 4.67532e-14 1.90869e-14
2005 4.61947e-14 1.88589e-14
2006 4.60332e-14 1.8793e-14
2007 4.55768e-14 1.86066e-14
2008 4.55077e-14 1.85784e-14
2009 4.52139e-14 1.84585e-14
2010 4.50712e-14 1.84002e-14
2011 4.45626e-14 1.81926e-14
2012 4.44971e-14 1.81659e-14
2013 4.4004e-14 1.79646e-14
2014 4.36769e-14 1.7831e-14
2015 4.34329e-14 1.77314e-14
2016 4.32666e-14 1.76635e-14
2017 4.30584e-14 1.75785e-14
2018 4.27156e-14 1.74386e-14
2019 4.24872e-14 1.73453e-14
2020 4.23529e-14 1.72905e-14
2021 4.21938e-14 1.72255e-14
2022 4.17589e-14 1.7048e-14
2023 4.13787e-14 1.68928e-14
2024 4.10042e-14 1.67399e-14
2025 4.08718e-14 1.66858e-14
2026 4.0461e-14 1.65181e-14
2027 4.0326e-14 1.6463e-14
2028 4.01531e-14 1.63924e-14
2029 4.01302e-14 1.63831e-14
2030 3.97866e-14 1.62428e-14
2031 3.92652e-14 1.603e-14
2032 3.90388e-14 1.59375e-14
2033 3.88852e-14 1.58748e-14
2034 3.855e-14 1.5738e-14
2035 3.83995e-14 1.56765e-14
2036 3.82571e-14 1.56184e-14
2037 3.80863e-14 1.55487e-14
2038 3.77126e-14 1.53961e-14
2039 3.74498e-14 1.52888e-14
2040 3.74088e-14 1.52721e-14
2041 3.72601e-14 1.52114e-14
2042 3.69839e-14 1.50986e-14
2043 3.68611e-14 1.50485e-14
2044 3.66523e-14 1.49632e-14
2045 3.6434e-14 1.48741e-14
2046 3.63403e-14 1.48359e-14
2047 3.60164e-14 1.47036e-14
2048 3.5622e-14 1.45426e-14
2049 3.54228e-14 1.44613e-14
2050 3.53398e-14 1.44274e-14
2051 3.52612e-14 1.43953e-14
2052 3.49899e-14 1.42846e-14
2053 3.45705e-14 1.41133e-14
2054 3.44367e-14 1.40587e-14
2055 3.43371e-14 1.40181e-14
2056 3.40899e-14 1.39171e-14
2057 3.39081e-14 1.38429e-14
2058 3.37678e-14 1.37856e-14
2059 3.34594e-14 1.36597e-14
2060 3.33979e-14 1.36346e-14
2061 3.30884e-14 1.35083e-14
2062 3.29207e-14 1.34398e-14
2063 3.24898e-14 1.32639e-14
2064 3.23611e-14 1.32114e-14
2065 3.22047e-14 1.31475e-14
2066 3.19506e-14 1.30438e-14
2067 3.17242e-14 1.29513e-14
2068 3.16272e-14 1.29117e-14
2069 3.13898e-14 1.28148e-14
2070 3.13014e-14 1.27788e-14
2071 3.10744e-14 1.26861e-14
2072 3.10447e-14 1.2674e-14
2073 3.09238e-14 1.26246e-14
2074 3.06104e-14 1.24967e-14
2075 3.03121e-14 1.23749e-14
2076 2.9873e-14 1.21956e-14
2077 2.96874e-14 1.21198e-14
2078 2.96009e-14 1.20845e-14
2079 2.95269e-14 1.20543e-14
2080 2.94729e-14 1.20323e-14
2081 2.92289e-14 1.19327e-14
2082 2.8893e-14 1.17955e-14
2083 2.87912e-14 1.1754e-14
2084 2.87659e-14 1.17436e-14
2085 2.85488e-14 1.1655e-14
2086 2.84132e-14 1.15996e-14
2087 2.81345e-14 1.14859e-14
2088 2.80468e-14 1.14501e-14
2089 2.78234e-14 1.13588e-14
2090 2.77288e-14 1.13202e-14
2091 2.74603e-14 1.12106e-14
2092 2.72311e-14 1.11171e-14
2093 2.70077e-14 1.10258e-14
2094 2.69125e-14 1.0987e-14
2095 2.67603e-14 1.09249e-14
2096 2.66823e-14 1.0893e-14
2097 2.66283e-14 1.0871e-14
2098 2.62319e-14 1.07091e-14
2099 2.60591e-14 1.06386e-14
2100 2.58682e-14 1.05607e-14
2101 2.57596e-14 1.05163e-14
2102 2.569e-14 1.04879e-14
2103 2.53816e-14 1.0362e-14
2104 2.53131e-14 1.0334e-14
2105 2.50776e-14 1.02379e-14
2106 2.48173e-14 1.01316e-14
2107 2.47308e-14 1.00963e-14
2108 2.4554e-14 1.00241e-14
2109 2.41843e-14 9.87321e-15
2110 2.40345e-14 9.81203e-15
2111 2.39373e-14 9.77235e-15
2112 2.37239e-14 9.68525e-15
2113 2.35649e-14 9.62034e-15
2114 2.34866e-14 9.58837e-15
2115 2.33606e-14 9.53692e-15
2116 2.33446e-14 9.53039e-15
2117 2.29206e-14 9.35729e-15
2118 2.2895e-14 9.34686e-15
2119 2.27112e-14 9.27181e-15
2120 2.26363e-14 9.24122e-15
2121 2.24117e-14 9.14954e-15
2122 2.23194e-14 9.11185e-15
2123 2.20854e-14 9.01634e-15
2124 2.19516e-14 8.96171e-15
2125 2.18703e-14 8.9285e-15
2126 2.18479e-14 8.91938e-15
2127 2.16984e-14 8.85832e-15
2128 2.14089e-14 8.74016e-15
2129 2.13602e-14 8.72025e-15
2130 2.11559e-14 8.63685e-15
2131 2.09495e-14 8.5526e-15
2132 2.08225e-14 8.50074e-15
2133 2.07624e-14 8.47622e-15
2134 2.05729e-14 8.39887e-15
2135 2.04412e-14 8.34509e-15
2136 2.03369e-14 8.30251e-15
2137 2.01641e-14 8.23196e-15
2138 1.99646e-14 8.15053e-15
2139 1.99199e-14 8.13227e-15
2140 1.98568e-14 8.10651e-15
2141 1.96252e-14 8.01194e-15
2142 1.95103e-14 7.96505e-15
2143 1.93647e-14 7.90562e-15
2144 1.93276e-14 7.89048e-15
2145 1.92734e-14 7.86834e-15
2146 1.89954e-14 7.75484e-15
2147 1.8879e-14 7.70731e-15
2148 1.86538e-14 7.61537e-15
2149 1.85622e-14 7.57798e-15
2150 1.8373e-14 7.50074e-15
2151 1.82673e-14 7.4576e-15
2152 1.80571e-14 7.37178e-15
2153 1.79178e-14 7.31491e-15
2154 1.78285e-14 7.27847e-15
2155 1.77368e-14 7.241e-15
2156 1.76417e-14 7.20218e-15
2157 1.75186e-14 7.15192e-15
2158 1.73204e-14 7.07103e-15
2159 1.72404e-14 7.03835e-15
2160 1.7222e-14 7.03085e-15
2161 1.70963e-14 6.97954e-15
2162 1.69878e-14 6.93523e-15
2163 1.68183e-14 6.86606e-15
2164 1.66927e-14 6.81478e-15
2165 1.65383e-14 6.75172e-15
2166 1.63913e-14 6.69171e-15
2167 1.62245e-14 6.62362e-15
2168 1.61377e-14 6.58817e-15
2169 1.59382e-14 6.50675e-15
2170 1.59104e-14 6.49541e-15
2171 1.56835e-14 6.40277e-15
2172 1.56561e-14 6.39156e-15
2173 1.55075e-14 6.3309e-15
2174 1.54582e-14 6.3108e-15
2175 1.53789e-14 6.27843e-15
2176 1.52434e-14 6.22308e-15
2177 1.51279e-14 6.17594e-15
2178 1.50447e-14 6.14199e-15
2179 1.49326e-14 6.09621e-15
2180 1.4854e-14 6.06411e-15
2181 1.47106e-14 6.00559e-15
2182 1.45697e-14 5.94804e-15
2183 1.44562e-14 5.90172e-15
2184 1.43249e-14 5.84813e-15
2185 1.40932e-14 5.75352e-15
2186 1.40227e-14 5.72473e-15
2187 1.39916e-14 5.71204e-15
2188 1.38153e-14 5.64006e-15
2189 1.37773e-14 5.62454e-15
2190 1.36553e-14 5.57477e-15
2191 1.35683e-14 5.53925e-15
2192 1.34478e-14 5.49002e-15
2193 1.31944e-14 5.38661e-15
2194 1.31665e-14 5.3752e-15
2195 1.30414e-14 5.32415e-15
2196 1.3014e-14 5.31296e-15
2197 1.29217e-14 5.27525e-15
2198 1.28382e-14 5.24116e-15
2199 1.26835e-14 5.17801e-15
2200 1.26468e-14 5.16305e-15
2201 1.25159e-14 5.10959e-15
2202 1.23683e-14 5.04936e-15
2203 1.23173e-14 5.02854e-15
2204 1.21734e-14 4.96979e-15
2205 1.2074e-14 4.92921e-15
2206 1.18367e-14 4.8323e-15
2207 1.17488e-14 4.79644e-15
2208 1.16664e-14 4.76279e-15
2209 1.16612e-14 4.76066e-15
2210 1.1536e-14 4.70957e-15
2211 1.13878e-14 4.64905e-15
2212 1.13328e-14 4.62658e-15
2213 1.12588e-14 4.59638e-15
2214 1.11264e-14 4.54235e-15
2215 1.10102e-14 4.49488e-15
2216 1.08391e-14 4.42505e-15
2217 1.07862e-14 4.40343e-15
2218 1.06705e-14 4.3562e-15
2219 1.06284e-14 4.33903e-15
2220 1.05201e-14 4.29482e-15
2221 1.04455e-14 4.26436e-15
2222 1.03846e-14 4.23948e-15
2223 1.0299e-14 4.20456e-15
2224 1.01606e-14 4.14806e-15
2225 1.00893e-14 4.11893e-15
2226 9.96046e-15 4.06634e-15
2227 9.90809e-15 4.04496e-15
2228 9.88036e-15 4.03364e-15
2229 9.76618e-15 3.98703e-15
2230 9.64152e-15 3.93613e-15
2231 9.58652e-15 3.91368e-15
2232 9.50448e-15 3.88019e-15
2233 9.4241e-15 3.84737e-15
2234 9.3374e-15 3.81198e-15
2235 9.24536e-15 3.7744e-15
2236 9.14636e-15 3.73399e-15
2237 9.07501e-15 3.70486e-15
2238 8.94461e-15 3.65162e-15
2239 8.81466e-15 3.59857e-15
2240 8.73522e-15 3.56614e-15
2241 8.63586e-15 3.52557e-15
2242 8.53669e-15 3.48509e-15
2243 8.47941e-15 3.46171e-15
2244 8.41335e-15 3.43474e-15
2245 8.25501e-15 3.37009e-15
2246 8.24362e-15 3.36544e-15
2247 8.15476e-15 3.32917e-15
2248 8.09628e-15 3.30529e-15
2249 8.06262e-15 3.29155e-15
2250 8.00247e-15 3.267e-15
2251 7.86583e-15 3.21121e-15
2252 7.79634e-15 3.18284e-15
2253 7.72066e-15 3.15195e-15
2254 7.69997e-15 3.1435e-15
2255 7.67999e-15 3.13534e-15
2256 7.6205e-15 3.11106e-15
2257 7.57937e-15 3.09427e-15
2258 7.4714e-15 3.05019e-15
2259 7.35725e-15 3.00359e-15
2260 7.23459e-15 2.95351e-15
2261 7.16421e-15 2.92478e-15
2262 7.08085e-15 2.89074e-15
2263 6.97525e-15 2.84764e-15
2264 6.9331e-15 2.83043e-15
2265 6.82526e-15 2.7864e-15
2266 6.80386e-15 2.77767e-15
2267 6.70151e-15 2.73588e-15
2268 6.62674e-15 2.70536e-15
2269 6.5873e-15 2.68925e-15
2270 6.43785e-15 2.62824e-15
2271 6.33916e-15 2.58795e-15
2272 6.3076e-15 2.57507e-15
2273 6.27748e-15 2.56277e-15
2274 6.18265e-15 2.52406e-15
2275 6.13359e-15 2.50403e-15
2276 6.11172e-15 2.4951e-15
2277 6.06207e-15 2.47483e-15
2278 5.94484e-15 2.42697e-15
2279 5.90904e-15 2.41235e-15
2280 5.83479e-15 2.38204e-15
2281 5.78756e-15 2.36276e-15
2282 5.71357e-15 2.33255e-15
2283 5.68369e-15 2.32036e-15
2284 5.6632e-15 2.31199e-15
2285 5.54486e-15 2.26368e-15
2286 5.45214e-15 2.22583e-15
2287 5.41355e-15 2.21007e-15
2288 5.36776e-15 2.19138e-15
2289 5.28033e-15 2.15569e-15
2290 5.24448e-15 2.14105e-15
2291 5.2159e-15 2.12938e-15
2292 5.15649e-15 2.10513e-15
2293 5.10085e-15 2.08241e-15
2294 5.0721e-15 2.07068e-15
2295 5.02966e-15 2.05335e-15
2296 4.87741e-15 1.99119e-15
2297 4.82557e-15 1.97003e-15
2298 4.78343e-15 1.95283e-15
2299 4.77572e-15 1.94968e-15
2300 4.70018e-15 1.91884e-15
2301 4.67837e-15 1.90994e-15
2302 4.6407e-15 1.89456e-15
2303 4.54979e-15 1.85745e-15
2304 4.44418e-15 1.81433e-15
2305 4.40227e-15 1.79722e-15
2306 4.37728e-15 1.78702e-15
2307 4.33375e-15 1.76925e-15
2308 4.31993e-15 1.7636e-15
2309 4.25499e-15 1.73709e-15
2310 4.20564e-15 1.71694e-15
2311 4.15437e-15 1.69602e-15
2312 4.12109e-15 1.68243e-15
2313 4.06284e-15 1.65865e-15
2314 3.97862e-15 1.62427e-15
2315 3.93326e-15 1.60575e-15
2316 3.87958e-15 1.58383e-15
2317 3.8511e-15 1.57221e-15
2318 3.79664e-15 1.54997e-15
2319 3.73661e-15 1.52546e-15
2320 3.69702e-15 1.5093e-15
2321 3.66149e-15 1.4948e-15
2322 3.57888e-15 1.46107e-15
2323 3.55796e-15 1.45253e-15
2324 3.53793e-15 1.44436e-15
2325 3.50836e-15 1.43228e-15
2326 3.48169e-15 1.42139e-15
2327 3.4122e-15 1.39302e-15
2328 3.33899e-15 1.36314e-15
2329 3.33601e-15 1.36192e-15
2330 3.29216e-15 1.34402e-15
2331 3.24239e-15 1.3237e-15
2332 3.1893e-15 1.30203e-15
2333 3.18919e-15 1.30198e-15
2334 3.14903e-15 1.28559e-15
2335 3.12894e-15 1.27738e-15
2336 3.07925e-15 1.2571e-15
2337 3.07476e-15 1.25527e-15
2338 3.03222e-15 1.2379e-15
2339 2.96842e-15 1.21185e-15
2340 2.94996e-15 1.20432e-15
2341 2.94193e-15 1.20104e-15
2342 2.91483e-15 1.18997e-15
2343 2.87509e-15 1.17375e-15
2344 2.86684e-15 1.17038e-15
2345 2.84338e-15 1.1608e-15
2346 2.81212e-15 1.14805e-15
2347 2.78658e-15 1.13762e-15
2348 2.76376e-15 1.1283e-15
2349 2.74689e-15 1.12141e-15
2350 2.70977e-15 1.10626e-15
2351 2.68233e-15 1.09506e-15
2352 2.64502e-15 1.07983e-15
2353 2.61135e-15 1.06608e-15
2354 2.60621e-15 1.06398e-15
2355 2.57611e-15 1.05169e-15
2356 2.55765e-15 1.04416e-15
2357 2.53493e-15 1.03488e-15
2358 2.52089e-15 1.02915e-15
2359 2.50701e-15 1.02348e-15
2360 2.46172e-15 1.00499e-15
2361 2.45167e-15 1.00089e-15
2362 2.43912e-15 9.95766e-16
2363 2.41223e-15 9.84787e-16
2364 2.37907e-15 9.71252e-16
2365 2.37409e-15 9.69217e-16
2366 2.36475e-15 9.65405e-16
2367 2.33084e-15 9.51563e-16
2368 2.30362e-15 9.40448e-16
2369 2.29282e-15 9.36041e-16
2370 2.2783e-15 9.30111e-16
2371 2.26041e-15 9.22807e-16
2372 2.23203e-15 9.11224e-16
2373 2.21683e-15 9.05016e-16
2374 2.21394e-15 9.03838e-16
2375 2.18407e-15 8.91645e-16
2376 2.16304e-15 8.83059e-16
2377 2.15108e-15 8.78176e-16
2378 2.14067e-15 8.73924e-16
2379 2.11181e-15 8.62145e-16
2380 2.09325e-15 8.54565e-16
2381 2.08878e-15 8.52741e-16
2382 2.04952e-15 8.36713e-16
2383 2.03789e-15 8.31964e-16
2384 2.01994e-15 8.24638e-16
2385 2.00875e-15 8.20068e-16
2386 1.98836e-15 8.11745e-16
2387 1.98262e-15 8.09403e-16
2388 1.98004e-15 8.08348e-16
2389 1.94704e-15 7.94875e-16
2390 1.93024e-15 7.88017e-16
2391 1.9194e-15 7.83593e-16
2392 1.91725e-15 7.82712e-16
2393 1.91603e-15 7.82215e-16
2394 1.88628e-15 7.70071e-16
2395 1.83499e-15 7.49133e-16
2396 1.82718e-15 7.45945e-16
2397 1.79558e-15 7.33043e-16
2398 1.78682e-15 7.29465e-16
2399 1.77483e-15 7.24571e-16
2400 1.76597e-15 7.20954e-16
2401 1.74061e-15 7.10599e-16
2402 1.71734e-15 7.01101e-16
2403 1.68092e-15 6.86231e-16
2404 1.67313e-15 6.83051e-16
2405 1.64042e-15 6.697e-16
2406 1.63687e-15 6.6825e-16
2407 1.61867e-15 6.6082e-16
2408 1.60067e-15 6.53472e-16
2409 1.58117e-15 6.45509e-16
2410 1.5624e-15 6.37847e-16
2411 1.54986e-15 6.32727e-16
2412 1.53675e-15 6.27376e-16
2413 1.52121e-15 6.21032e-16
2414 1.50863e-15 6.15896e-16
2415 1.49764e-15 6.1141e-16
2416 1.48634e-15 6.06794e-16
2417 1.45209e-15 5.92812e-16
2418 1.44389e-15 5.89467e-16
2419 1.42245e-15 5.80712e-16
2420 1.41973e-15 5.79602e-16
2421 1.38763e-15 5.66496e-16
2422 1.38434e-15 5.65153e-16
2423 1.35948e-15 5.55005e-16
2424 1.34918e-15 5.508e-16
2425 1.33124e-15 5.43476e-16
2426 1.32524e-15 5.41026e-16
2427 1.30819e-15 5.34064e-16
2428 1.28403e-15 5.24202e-16
2429 1.26628e-15 5.16956e-16
2430 1.2638e-15 5.15942e-16
2431 1.23813e-15 5.05465e-16
2432 1.23345e-15 5.03554e-16
2433 1.21216e-15 4.94863e-16
2434 1.18966e-15 4.85677e-16
2435 1.17246e-15 4.78653e-16
2436 1.14823e-15 4.68764e-16
2437 1.13891e-15 4.64959e-16
2438 1.13001e-15 4.61324e-16
2439 1.11002e-15 4.53162e-16
2440 1.09332e-15 4.46344e-16
2441 1.06898e-15 4.3641e-16
2442 1.05494e-15 4.30675e-16
2443 1.04777e-15 4.27749e-16
2444 1.03377e-15 4.22035e-16
2445 1.02565e-15 4.18722e-16
2446 1.00103e-15 4.08671e-16
2447 9.78751e-16 3.99573e-16
2448 9.68353e-16 3.95328e-16
2449 9.58496e-16 3.91304e-16
2450 9.37435e-16 3.82706e-16
2451 9.26356e-16 3.78183e-16
2452 9.12529e-16 3.72538e-16
2453 9.03778e-16 3.68966e-16
2454 8.83128e-16 3.60535e-16
2455 8.67031e-16 3.53964e-16
2456 8.54278e-16 3.48758e-16
2457 8.36932e-16 3.41676e-16
2458 8.32658e-16 3.39931e-16
2459 8.21495e-16 3.35374e-16
2460 8.05253e-16 3.28743e-16
2461 8.03143e-16 3.27882e-16
2462 7.915e-16 3.23129e-16
2463 7.8307e-16 3.19687e-16
2464 7.72945e-16 3.15553e-16
2465 7.46368e-16 3.04704e-16
2466 7.33252e-16 2.99349e-16
2467 7.17189e-16 2.92791e-16
2468 7.14028e-16 2.91501e-16
2469 6.93237e-16 2.83013e-16
2470 6.86038e-16 2.80074e-16
2471 6.78599e-16 2.77037e-16
2472 6.7309e-16 2.74788e-16
2473 6.61338e-16 2.6999e-16
2474 6.52295e-16 2.66298e-16
2475 6.47949e-16 2.64524e-16
2476 6.33132e-16 2.58475e-16
2477 6.10358e-16 2.49178e-16
2478 6.0845e-16 2.48399e-16
2479 6.05275e-16 2.47103e-16
2480 5.95906e-16 2.43278e-16
2481 5.90633e-16 2.41125e-16
2482 5.7004e-16 2.32718e-16
2483 5.62702e-16 2.29722e-16
2484 5.49239e-16 2.24226e-16
2485 5.46264e-16 2.23011e-16
2486 5.36185e-16 2.18896e-16
2487 5.22434e-16 2.13283e-16
2488 5.16752e-16 2.10963e-16
2489 5.09179e-16 2.07871e-16
2490 5.01724e-16 2.04828e-16
2491 4.79814e-16 1.95883e-16
2492 4.63907e-16 1.89389e-16
2493 4.61471e-16 1.88395e-16
2494 4.46531e-16 1.82295e-16
2495 4.43372e-16 1.81006e-16
2496 4.28379e-16 1.74885e-16
2497 3.98224e-16 1.62574e-16
2498 3.62252e-16 1.47889e-16
2499 3.34593e-16 1.36597e-16
2500 1.8488e-16 7.54768e-17
2501 1.29499e-16 5.28679e-17
