R 1 2 0.00318145
R 3 4 0.00318145
R 5 6 0.00318145
R 7 8 0.00318145
R 9 10 0.00318145
R 11 12 0.00318145
R 13 14 0.00318145
R 15 16 0.00318145
R 17 18 0.00318145
R 19 20 0.00318145
R 21 22 0.00318145
R 23 24 0.00318145
R 26 27 0.00318145
R 28 29 0.00318145
R 30 31 0.00318145
R 32 33 0.00318145
R 34 35 0.00318145
R 36 37 0.00318145
R 38 39 0.00318145
R 40 41 0.00318145
R 42 43 0.00318145
R 44 45 0.00318145
R 46 47 0.00318145
R 48 49 0.00318145
R 50 51 0.00318145
R 52 53 0.00318145
R 54 55 0.00318145
R 56 57 0.00318145
R 58 59 0.00318145
R 60 61 0.00318145
R 62 63 0.00318145
R 64 65 0.00318145
R 66 67 0.00318145
R 68 69 0.00318145
R 70 71 0.00318145
R 72 73 0.00318145
R 75 76 0.00318145
R 77 78 0.00318145
R 79 80 0.00318145
R 81 82 0.00318145
R 83 84 0.00318145
R 85 86 0.00318145
R 87 88 0.00318145
R 89 90 0.00318145
R 91 92 0.00318145
R 93 94 0.00318145
R 95 96 0.00318145
R 97 98 0.00318145
R 100 101 0.00318145
R 102 103 0.00318145
R 104 105 0.00318145
R 106 107 0.00318145
R 108 109 0.00318145
R 110 111 0.00318145
R 112 113 0.00318145
R 114 115 0.00318145
R 116 117 0.00318145
R 118 119 0.00318145
R 120 121 0.00318145
R 122 123 0.00318145
R 125 126 0.00318145
R 127 128 0.00318145
R 129 130 0.00318145
R 131 132 0.00318145
R 133 134 0.00318145
R 135 136 0.00318145
R 137 138 0.00318145
R 139 140 0.00318145
R 141 142 0.00318145
R 143 144 0.00318145
R 145 146 0.00318145
R 147 148 0.00318145
R 152 1 20
R 1 153 25
R 50 0 50
R 50 154 25
R 124 0 50
R 124 120 25
R 149 0 100
G 3 0 0
G 5 0 0
G 7 0 0
G 9 0 0
G 11 0 0
G 13 0 0
G 15 0 0
G 17 0 0
G 19 0 0
G 21 0 0
G 23 0 0
G 25 0 0
G 28 0 0
G 30 0 0
G 32 0 0
G 34 0 0
G 36 0 0
G 38 0 0
G 40 0 0
G 42 0 0
G 44 0 0
G 46 0 0
G 48 0 0
G 50 0 0
G 52 0 0
G 54 0 0
G 56 0 0
G 58 0 0
G 60 0 0
G 62 0 0
G 64 0 0
G 66 0 0
G 68 0 0
G 70 0 0
G 72 0 0
G 74 0 0
G 77 0 0
G 79 0 0
G 81 0 0
G 83 0 0
G 85 0 0
G 87 0 0
G 89 0 0
G 91 0 0
G 93 0 0
G 95 0 0
G 97 0 0
G 99 0 0
G 102 0 0
G 104 0 0
G 106 0 0
G 108 0 0
G 110 0 0
G 112 0 0
G 114 0 0
G 116 0 0
G 118 0 0
G 120 0 0
G 122 0 0
G 124 0 0
G 127 0 0
G 129 0 0
G 131 0 0
G 133 0 0
G 135 0 0
G 137 0 0
G 139 0 0
G 141 0 0
G 143 0 0
G 145 0 0
G 147 0 0
G 149 0 0
C 3 0 8.2492e-14
C 5 0 8.2492e-14
C 7 0 8.2492e-14
C 9 0 8.2492e-14
C 11 0 8.2492e-14
C 13 0 8.2492e-14
C 15 0 8.2492e-14
C 17 0 8.2492e-14
C 19 0 8.2492e-14
C 21 0 8.2492e-14
C 23 0 8.2492e-14
C 25 0 8.2492e-14
C 28 0 8.2492e-14
C 30 0 8.2492e-14
C 32 0 8.2492e-14
C 34 0 8.2492e-14
C 36 0 8.2492e-14
C 38 0 8.2492e-14
C 40 0 8.2492e-14
C 42 0 8.2492e-14
C 44 0 8.2492e-14
C 46 0 8.2492e-14
C 48 0 8.2492e-14
C 50 0 8.2492e-14
C 52 0 8.2492e-14
C 54 0 8.2492e-14
C 56 0 8.2492e-14
C 58 0 8.2492e-14
C 60 0 8.2492e-14
C 62 0 8.2492e-14
C 64 0 8.2492e-14
C 66 0 8.2492e-14
C 68 0 8.2492e-14
C 70 0 8.2492e-14
C 72 0 8.2492e-14
C 74 0 8.2492e-14
C 77 0 8.2492e-14
C 79 0 8.2492e-14
C 81 0 8.2492e-14
C 83 0 8.2492e-14
C 85 0 8.2492e-14
C 87 0 8.2492e-14
C 89 0 8.2492e-14
C 91 0 8.2492e-14
C 93 0 8.2492e-14
C 95 0 8.2492e-14
C 97 0 8.2492e-14
C 99 0 8.2492e-14
C 102 0 8.2492e-14
C 104 0 8.2492e-14
C 106 0 8.2492e-14
C 108 0 8.2492e-14
C 110 0 8.2492e-14
C 112 0 8.2492e-14
C 114 0 8.2492e-14
C 116 0 8.2492e-14
C 118 0 8.2492e-14
C 120 0 8.2492e-14
C 122 0 8.2492e-14
C 124 0 8.2492e-14
C 127 0 8.2492e-14
C 129 0 8.2492e-14
C 131 0 8.2492e-14
C 133 0 8.2492e-14
C 135 0 8.2492e-14
C 137 0 8.2492e-14
C 139 0 8.2492e-14
C 141 0 8.2492e-14
C 143 0 8.2492e-14
C 145 0 8.2492e-14
C 147 0 8.2492e-14
C 149 0 8.2492e-14
C 1 0 1e-12
C 26 0 1e-12
C 50 0 0.5e-12
C 74 0 1e-12
C 75 0 1e-12
C 99 0 1e-12
C 151 0 1e-12
C 124 0 0.5e-12
C 125 0 2e-12
J 99 0 0
J 149 0 0
L 2 3 3.01834e-10
L 4 5 3.01834e-10
L 6 7 3.01834e-10
L 8 9 3.01834e-10
L 10 11 3.01834e-10
L 12 13 3.01834e-10
L 14 15 3.01834e-10
L 16 17 3.01834e-10
L 18 19 3.01834e-10
L 20 21 3.01834e-10
L 22 23 3.01834e-10
L 24 25 3.01834e-10
L 27 28 3.01834e-10
L 29 30 3.01834e-10
L 31 32 3.01834e-10
L 33 34 3.01834e-10
L 35 36 3.01834e-10
L 37 38 3.01834e-10
L 39 40 3.01834e-10
L 41 42 3.01834e-10
L 43 44 3.01834e-10
L 45 46 3.01834e-10
L 47 48 3.01834e-10
L 49 50 3.01834e-10
L 51 52 3.01834e-10
L 53 54 3.01834e-10
L 55 56 3.01834e-10
L 57 58 3.01834e-10
L 59 60 3.01834e-10
L 61 62 3.01834e-10
L 63 64 3.01834e-10
L 65 66 3.01834e-10
L 67 68 3.01834e-10
L 69 70 3.01834e-10
L 71 72 3.01834e-10
L 73 74 3.01834e-10
L 76 77 3.01834e-10
L 78 79 3.01834e-10
L 80 81 3.01834e-10
L 82 83 3.01834e-10
L 84 85 3.01834e-10
L 86 87 3.01834e-10
L 88 89 3.01834e-10
L 90 91 3.01834e-10
L 92 93 3.01834e-10
L 94 95 3.01834e-10
L 96 97 3.01834e-10
L 98 99 3.01834e-10
L 101 102 3.01834e-10
L 103 104 3.01834e-10
L 105 106 3.01834e-10
L 107 108 3.01834e-10
L 109 110 3.01834e-10
L 111 112 3.01834e-10
L 113 114 3.01834e-10
L 115 116 3.01834e-10
L 117 118 3.01834e-10
L 119 120 3.01834e-10
L 121 122 3.01834e-10
L 123 124 3.01834e-10
L 126 127 3.01834e-10
L 128 129 3.01834e-10
L 130 131 3.01834e-10
L 132 133 3.01834e-10
L 134 135 3.01834e-10
L 136 137 3.01834e-10
L 138 139 3.01834e-10
L 140 141 3.01834e-10
L 142 143 3.01834e-10
L 144 145 3.01834e-10
L 146 147 3.01834e-10
L 148 149 3.01834e-10
L 153 26 6e-9
L 154 75 5e-9
L 25 151 10e-9
L 151 100 10e-9
L 150 125 5e-9
V 152 0 1
