R 1 2 0.00318145
R 3 4 0.00318145
R 5 6 0.00318145
R 7 8 0.00318145
R 9 10 0.00318145
R 11 12 0.00318145
R 13 14 0.00318145
R 15 16 0.00318145
R 17 18 0.00318145
R 19 20 0.00318145
R 21 22 0.00318145
R 23 24 0.00318145
R 25 26 0.00318145
R 27 28 0.00318145
R 29 30 0.00318145
R 31 32 0.00318145
R 33 34 0.00318145
R 35 36 0.00318145
R 37 38 0.00318145
R 39 40 0.00318145
R 41 42 0.00318145
R 43 44 0.00318145
R 45 46 0.00318145
R 47 48 0.00318145
R 49 50 0.00318145
R 51 52 0.00318145
R 53 54 0.00318145
R 55 56 0.00318145
R 57 58 0.00318145
R 59 60 0.00318145
R 61 62 0.00318145
R 63 64 0.00318145
R 65 66 0.00318145
R 67 68 0.00318145
R 69 70 0.00318145
R 71 72 0.00318145
R 73 74 0.00318145
R 75 76 0.00318145
R 77 78 0.00318145
R 79 80 0.00318145
R 81 82 0.00318145
R 83 84 0.00318145
R 85 86 0.00318145
R 87 88 0.00318145
R 89 90 0.00318145
R 91 92 0.00318145
R 93 94 0.00318145
R 95 96 0.00318145
R 97 98 0.00318145
R 99 100 0.00318145
R 101 102 0.00318145
R 103 104 0.00318145
R 105 106 0.00318145
R 107 108 0.00318145
R 109 110 0.00318145
R 111 112 0.00318145
R 113 114 0.00318145
R 115 116 0.00318145
R 117 118 0.00318145
R 119 120 0.00318145
R 121 122 0.00318145
R 123 124 0.00318145
R 125 126 0.00318145
R 127 128 0.00318145
R 129 130 0.00318145
R 131 132 0.00318145
R 133 134 0.00318145
R 135 136 0.00318145
R 137 138 0.00318145
R 139 140 0.00318145
R 141 142 0.00318145
R 143 144 0.00318145
R 145 146 0.00318145
R 147 148 0.00318145
R 149 150 0.00318145
R 151 152 0.00318145
R 153 154 0.00318145
R 155 156 0.00318145
R 157 158 0.00318145
R 159 160 0.00318145
R 161 162 0.00318145
R 163 164 0.00318145
R 165 166 0.00318145
R 167 168 0.00318145
R 169 170 0.00318145
R 171 172 0.00318145
R 173 174 0.00318145
R 175 176 0.00318145
R 177 178 0.00318145
R 179 180 0.00318145
R 181 182 0.00318145
R 183 184 0.00318145
R 185 186 0.00318145
R 187 188 0.00318145
R 189 190 0.00318145
R 191 192 0.00318145
R 193 194 0.00318145
R 195 196 0.00318145
R 197 198 0.00318145
R 199 200 0.00318145
R 201 202 0.00318145
R 203 204 0.00318145
R 205 206 0.00318145
R 207 208 0.00318145
R 209 210 0.00318145
R 211 212 0.00318145
R 213 214 0.00318145
R 215 216 0.00318145
R 217 218 0.00318145
R 219 220 0.00318145
R 221 222 0.00318145
R 223 224 0.00318145
R 225 226 0.00318145
R 227 228 0.00318145
R 229 230 0.00318145
R 231 232 0.00318145
R 233 234 0.00318145
R 235 236 0.00318145
R 237 238 0.00318145
R 239 240 0.00318145
R 241 242 0.00318145
R 243 244 0.00318145
R 245 246 0.00318145
R 247 248 0.00318145
R 249 250 0.00318145
R 251 252 0.00318145
R 253 254 0.00318145
R 255 256 0.00318145
R 257 258 0.00318145
R 259 260 0.00318145
R 261 262 0.00318145
R 263 264 0.00318145
R 265 266 0.00318145
R 267 268 0.00318145
R 269 270 0.00318145
R 271 272 0.00318145
R 273 274 0.00318145
R 275 276 0.00318145
R 277 278 0.00318145
R 279 280 0.00318145
R 281 282 0.00318145
R 283 284 0.00318145
R 285 286 0.00318145
R 287 288 0.00318145
R 289 290 0.00318145
R 291 292 0.00318145
R 293 294 0.00318145
R 295 296 0.00318145
R 297 298 0.00318145
R 299 300 0.00318145
R 301 302 0.00318145
R 303 304 0.00318145
R 305 306 0.00318145
R 307 308 0.00318145
R 309 310 0.00318145
R 311 312 0.00318145
R 313 314 0.00318145
R 315 316 0.00318145
R 317 318 0.00318145
R 319 320 0.00318145
R 321 322 0.00318145
R 323 324 0.00318145
R 325 326 0.00318145
R 327 328 0.00318145
R 329 330 0.00318145
R 331 332 0.00318145
R 333 334 0.00318145
R 335 336 0.00318145
R 337 338 0.00318145
R 339 340 0.00318145
R 341 342 0.00318145
R 343 344 0.00318145
R 345 346 0.00318145
R 347 348 0.00318145
R 349 350 0.00318145
R 351 352 0.00318145
R 353 354 0.00318145
R 355 356 0.00318145
R 357 358 0.00318145
R 359 360 0.00318145
R 362 363 0.00318145
R 364 365 0.00318145
R 366 367 0.00318145
R 368 369 0.00318145
R 370 371 0.00318145
R 372 373 0.00318145
R 374 375 0.00318145
R 376 377 0.00318145
R 378 379 0.00318145
R 380 381 0.00318145
R 382 383 0.00318145
R 384 385 0.00318145
R 386 387 0.00318145
R 388 389 0.00318145
R 390 391 0.00318145
R 392 393 0.00318145
R 394 395 0.00318145
R 396 397 0.00318145
R 398 399 0.00318145
R 400 401 0.00318145
R 402 403 0.00318145
R 404 405 0.00318145
R 406 407 0.00318145
R 408 409 0.00318145
R 410 411 0.00318145
R 412 413 0.00318145
R 414 415 0.00318145
R 416 417 0.00318145
R 418 419 0.00318145
R 420 421 0.00318145
R 422 423 0.00318145
R 424 425 0.00318145
R 426 427 0.00318145
R 428 429 0.00318145
R 430 431 0.00318145
R 432 433 0.00318145
R 434 435 0.00318145
R 436 437 0.00318145
R 438 439 0.00318145
R 440 441 0.00318145
R 442 443 0.00318145
R 444 445 0.00318145
R 446 447 0.00318145
R 448 449 0.00318145
R 450 451 0.00318145
R 452 453 0.00318145
R 454 455 0.00318145
R 456 457 0.00318145
R 458 459 0.00318145
R 460 461 0.00318145
R 462 463 0.00318145
R 464 465 0.00318145
R 466 467 0.00318145
R 468 469 0.00318145
R 470 471 0.00318145
R 472 473 0.00318145
R 474 475 0.00318145
R 476 477 0.00318145
R 478 479 0.00318145
R 480 481 0.00318145
R 482 483 0.00318145
R 484 485 0.00318145
R 486 487 0.00318145
R 488 489 0.00318145
R 490 491 0.00318145
R 492 493 0.00318145
R 494 495 0.00318145
R 496 497 0.00318145
R 498 499 0.00318145
R 500 501 0.00318145
R 502 503 0.00318145
R 504 505 0.00318145
R 506 507 0.00318145
R 508 509 0.00318145
R 510 511 0.00318145
R 512 513 0.00318145
R 514 515 0.00318145
R 516 517 0.00318145
R 518 519 0.00318145
R 520 521 0.00318145
R 522 523 0.00318145
R 524 525 0.00318145
R 526 527 0.00318145
R 528 529 0.00318145
R 530 531 0.00318145
R 532 533 0.00318145
R 534 535 0.00318145
R 536 537 0.00318145
R 538 539 0.00318145
R 540 541 0.00318145
R 542 543 0.00318145
R 544 545 0.00318145
R 546 547 0.00318145
R 548 549 0.00318145
R 550 551 0.00318145
R 552 553 0.00318145
R 554 555 0.00318145
R 556 557 0.00318145
R 558 559 0.00318145
R 560 561 0.00318145
R 562 563 0.00318145
R 564 565 0.00318145
R 566 567 0.00318145
R 568 569 0.00318145
R 570 571 0.00318145
R 572 573 0.00318145
R 574 575 0.00318145
R 576 577 0.00318145
R 578 579 0.00318145
R 580 581 0.00318145
R 582 583 0.00318145
R 584 585 0.00318145
R 586 587 0.00318145
R 588 589 0.00318145
R 590 591 0.00318145
R 592 593 0.00318145
R 594 595 0.00318145
R 596 597 0.00318145
R 598 599 0.00318145
R 600 601 0.00318145
R 602 603 0.00318145
R 604 605 0.00318145
R 606 607 0.00318145
R 608 609 0.00318145
R 610 611 0.00318145
R 612 613 0.00318145
R 614 615 0.00318145
R 616 617 0.00318145
R 618 619 0.00318145
R 620 621 0.00318145
R 622 623 0.00318145
R 624 625 0.00318145
R 626 627 0.00318145
R 628 629 0.00318145
R 630 631 0.00318145
R 632 633 0.00318145
R 634 635 0.00318145
R 636 637 0.00318145
R 638 639 0.00318145
R 640 641 0.00318145
R 642 643 0.00318145
R 644 645 0.00318145
R 646 647 0.00318145
R 648 649 0.00318145
R 650 651 0.00318145
R 652 653 0.00318145
R 654 655 0.00318145
R 656 657 0.00318145
R 658 659 0.00318145
R 660 661 0.00318145
R 662 663 0.00318145
R 664 665 0.00318145
R 666 667 0.00318145
R 668 669 0.00318145
R 670 671 0.00318145
R 672 673 0.00318145
R 674 675 0.00318145
R 676 677 0.00318145
R 678 679 0.00318145
R 680 681 0.00318145
R 682 683 0.00318145
R 684 685 0.00318145
R 686 687 0.00318145
R 688 689 0.00318145
R 690 691 0.00318145
R 692 693 0.00318145
R 694 695 0.00318145
R 696 697 0.00318145
R 698 699 0.00318145
R 700 701 0.00318145
R 702 703 0.00318145
R 704 705 0.00318145
R 706 707 0.00318145
R 708 709 0.00318145
R 710 711 0.00318145
R 712 713 0.00318145
R 714 715 0.00318145
R 716 717 0.00318145
R 718 719 0.00318145
R 720 721 0.00318145
R 722 723 0.00318145
R 724 725 0.00318145
R 726 727 0.00318145
R 728 729 0.00318145
R 730 731 0.00318145
R 732 733 0.00318145
R 734 735 0.00318145
R 736 737 0.00318145
R 738 739 0.00318145
R 740 741 0.00318145
R 742 743 0.00318145
R 744 745 0.00318145
R 746 747 0.00318145
R 748 749 0.00318145
R 750 751 0.00318145
R 752 753 0.00318145
R 754 755 0.00318145
R 756 757 0.00318145
R 758 759 0.00318145
R 760 761 0.00318145
R 762 763 0.00318145
R 764 765 0.00318145
R 766 767 0.00318145
R 768 769 0.00318145
R 770 771 0.00318145
R 772 773 0.00318145
R 774 775 0.00318145
R 776 777 0.00318145
R 778 779 0.00318145
R 780 781 0.00318145
R 782 783 0.00318145
R 784 785 0.00318145
R 786 787 0.00318145
R 788 789 0.00318145
R 790 791 0.00318145
R 792 793 0.00318145
R 794 795 0.00318145
R 796 797 0.00318145
R 798 799 0.00318145
R 800 801 0.00318145
R 802 803 0.00318145
R 804 805 0.00318145
R 806 807 0.00318145
R 808 809 0.00318145
R 810 811 0.00318145
R 812 813 0.00318145
R 814 815 0.00318145
R 816 817 0.00318145
R 818 819 0.00318145
R 820 821 0.00318145
R 822 823 0.00318145
R 824 825 0.00318145
R 826 827 0.00318145
R 828 829 0.00318145
R 830 831 0.00318145
R 832 833 0.00318145
R 834 835 0.00318145
R 836 837 0.00318145
R 838 839 0.00318145
R 840 841 0.00318145
R 842 843 0.00318145
R 844 845 0.00318145
R 846 847 0.00318145
R 848 849 0.00318145
R 850 851 0.00318145
R 852 853 0.00318145
R 854 855 0.00318145
R 856 857 0.00318145
R 858 859 0.00318145
R 860 861 0.00318145
R 862 863 0.00318145
R 864 865 0.00318145
R 866 867 0.00318145
R 868 869 0.00318145
R 870 871 0.00318145
R 872 873 0.00318145
R 874 875 0.00318145
R 876 877 0.00318145
R 878 879 0.00318145
R 880 881 0.00318145
R 882 883 0.00318145
R 884 885 0.00318145
R 886 887 0.00318145
R 888 889 0.00318145
R 890 891 0.00318145
R 892 893 0.00318145
R 894 895 0.00318145
R 896 897 0.00318145
R 898 899 0.00318145
R 900 901 0.00318145
R 902 903 0.00318145
R 904 905 0.00318145
R 906 907 0.00318145
R 908 909 0.00318145
R 910 911 0.00318145
R 912 913 0.00318145
R 914 915 0.00318145
R 916 917 0.00318145
R 918 919 0.00318145
R 920 921 0.00318145
R 922 923 0.00318145
R 924 925 0.00318145
R 926 927 0.00318145
R 928 929 0.00318145
R 930 931 0.00318145
R 932 933 0.00318145
R 934 935 0.00318145
R 936 937 0.00318145
R 938 939 0.00318145
R 940 941 0.00318145
R 942 943 0.00318145
R 944 945 0.00318145
R 946 947 0.00318145
R 948 949 0.00318145
R 950 951 0.00318145
R 952 953 0.00318145
R 954 955 0.00318145
R 956 957 0.00318145
R 958 959 0.00318145
R 960 961 0.00318145
R 962 963 0.00318145
R 964 965 0.00318145
R 966 967 0.00318145
R 968 969 0.00318145
R 970 971 0.00318145
R 972 973 0.00318145
R 974 975 0.00318145
R 976 977 0.00318145
R 978 979 0.00318145
R 980 981 0.00318145
R 982 983 0.00318145
R 984 985 0.00318145
R 986 987 0.00318145
R 988 989 0.00318145
R 990 991 0.00318145
R 992 993 0.00318145
R 994 995 0.00318145
R 996 997 0.00318145
R 998 999 0.00318145
R 1000 1001 0.00318145
R 1002 1003 0.00318145
R 1004 1005 0.00318145
R 1006 1007 0.00318145
R 1008 1009 0.00318145
R 1010 1011 0.00318145
R 1012 1013 0.00318145
R 1014 1015 0.00318145
R 1016 1017 0.00318145
R 1018 1019 0.00318145
R 1020 1021 0.00318145
R 1022 1023 0.00318145
R 1024 1025 0.00318145
R 1026 1027 0.00318145
R 1028 1029 0.00318145
R 1030 1031 0.00318145
R 1032 1033 0.00318145
R 1034 1035 0.00318145
R 1036 1037 0.00318145
R 1038 1039 0.00318145
R 1040 1041 0.00318145
R 1042 1043 0.00318145
R 1044 1045 0.00318145
R 1046 1047 0.00318145
R 1048 1049 0.00318145
R 1050 1051 0.00318145
R 1052 1053 0.00318145
R 1054 1055 0.00318145
R 1056 1057 0.00318145
R 1058 1059 0.00318145
R 1060 1061 0.00318145
R 1062 1063 0.00318145
R 1064 1065 0.00318145
R 1066 1067 0.00318145
R 1068 1069 0.00318145
R 1070 1071 0.00318145
R 1072 1073 0.00318145
R 1074 1075 0.00318145
R 1076 1077 0.00318145
R 1078 1079 0.00318145
R 1080 1081 0.00318145
R 1083 1084 0.00318145
R 1085 1086 0.00318145
R 1087 1088 0.00318145
R 1089 1090 0.00318145
R 1091 1092 0.00318145
R 1093 1094 0.00318145
R 1095 1096 0.00318145
R 1097 1098 0.00318145
R 1099 1100 0.00318145
R 1101 1102 0.00318145
R 1103 1104 0.00318145
R 1105 1106 0.00318145
R 1107 1108 0.00318145
R 1109 1110 0.00318145
R 1111 1112 0.00318145
R 1113 1114 0.00318145
R 1115 1116 0.00318145
R 1117 1118 0.00318145
R 1119 1120 0.00318145
R 1121 1122 0.00318145
R 1123 1124 0.00318145
R 1125 1126 0.00318145
R 1127 1128 0.00318145
R 1129 1130 0.00318145
R 1131 1132 0.00318145
R 1133 1134 0.00318145
R 1135 1136 0.00318145
R 1137 1138 0.00318145
R 1139 1140 0.00318145
R 1141 1142 0.00318145
R 1143 1144 0.00318145
R 1145 1146 0.00318145
R 1147 1148 0.00318145
R 1149 1150 0.00318145
R 1151 1152 0.00318145
R 1153 1154 0.00318145
R 1155 1156 0.00318145
R 1157 1158 0.00318145
R 1159 1160 0.00318145
R 1161 1162 0.00318145
R 1163 1164 0.00318145
R 1165 1166 0.00318145
R 1167 1168 0.00318145
R 1169 1170 0.00318145
R 1171 1172 0.00318145
R 1173 1174 0.00318145
R 1175 1176 0.00318145
R 1177 1178 0.00318145
R 1179 1180 0.00318145
R 1181 1182 0.00318145
R 1183 1184 0.00318145
R 1185 1186 0.00318145
R 1187 1188 0.00318145
R 1189 1190 0.00318145
R 1191 1192 0.00318145
R 1193 1194 0.00318145
R 1195 1196 0.00318145
R 1197 1198 0.00318145
R 1199 1200 0.00318145
R 1201 1202 0.00318145
R 1203 1204 0.00318145
R 1205 1206 0.00318145
R 1207 1208 0.00318145
R 1209 1210 0.00318145
R 1211 1212 0.00318145
R 1213 1214 0.00318145
R 1215 1216 0.00318145
R 1217 1218 0.00318145
R 1219 1220 0.00318145
R 1221 1222 0.00318145
R 1223 1224 0.00318145
R 1225 1226 0.00318145
R 1227 1228 0.00318145
R 1229 1230 0.00318145
R 1231 1232 0.00318145
R 1233 1234 0.00318145
R 1235 1236 0.00318145
R 1237 1238 0.00318145
R 1239 1240 0.00318145
R 1241 1242 0.00318145
R 1243 1244 0.00318145
R 1245 1246 0.00318145
R 1247 1248 0.00318145
R 1249 1250 0.00318145
R 1251 1252 0.00318145
R 1253 1254 0.00318145
R 1255 1256 0.00318145
R 1257 1258 0.00318145
R 1259 1260 0.00318145
R 1261 1262 0.00318145
R 1263 1264 0.00318145
R 1265 1266 0.00318145
R 1267 1268 0.00318145
R 1269 1270 0.00318145
R 1271 1272 0.00318145
R 1273 1274 0.00318145
R 1275 1276 0.00318145
R 1277 1278 0.00318145
R 1279 1280 0.00318145
R 1281 1282 0.00318145
R 1283 1284 0.00318145
R 1285 1286 0.00318145
R 1287 1288 0.00318145
R 1289 1290 0.00318145
R 1291 1292 0.00318145
R 1293 1294 0.00318145
R 1295 1296 0.00318145
R 1297 1298 0.00318145
R 1299 1300 0.00318145
R 1301 1302 0.00318145
R 1303 1304 0.00318145
R 1305 1306 0.00318145
R 1307 1308 0.00318145
R 1309 1310 0.00318145
R 1311 1312 0.00318145
R 1313 1314 0.00318145
R 1315 1316 0.00318145
R 1317 1318 0.00318145
R 1319 1320 0.00318145
R 1321 1322 0.00318145
R 1323 1324 0.00318145
R 1325 1326 0.00318145
R 1327 1328 0.00318145
R 1329 1330 0.00318145
R 1331 1332 0.00318145
R 1333 1334 0.00318145
R 1335 1336 0.00318145
R 1337 1338 0.00318145
R 1339 1340 0.00318145
R 1341 1342 0.00318145
R 1343 1344 0.00318145
R 1345 1346 0.00318145
R 1347 1348 0.00318145
R 1349 1350 0.00318145
R 1351 1352 0.00318145
R 1353 1354 0.00318145
R 1355 1356 0.00318145
R 1357 1358 0.00318145
R 1359 1360 0.00318145
R 1361 1362 0.00318145
R 1363 1364 0.00318145
R 1365 1366 0.00318145
R 1367 1368 0.00318145
R 1369 1370 0.00318145
R 1371 1372 0.00318145
R 1373 1374 0.00318145
R 1375 1376 0.00318145
R 1377 1378 0.00318145
R 1379 1380 0.00318145
R 1381 1382 0.00318145
R 1383 1384 0.00318145
R 1385 1386 0.00318145
R 1387 1388 0.00318145
R 1389 1390 0.00318145
R 1391 1392 0.00318145
R 1393 1394 0.00318145
R 1395 1396 0.00318145
R 1397 1398 0.00318145
R 1399 1400 0.00318145
R 1401 1402 0.00318145
R 1403 1404 0.00318145
R 1405 1406 0.00318145
R 1407 1408 0.00318145
R 1409 1410 0.00318145
R 1411 1412 0.00318145
R 1413 1414 0.00318145
R 1415 1416 0.00318145
R 1417 1418 0.00318145
R 1419 1420 0.00318145
R 1421 1422 0.00318145
R 1423 1424 0.00318145
R 1425 1426 0.00318145
R 1427 1428 0.00318145
R 1429 1430 0.00318145
R 1431 1432 0.00318145
R 1433 1434 0.00318145
R 1435 1436 0.00318145
R 1437 1438 0.00318145
R 1439 1440 0.00318145
R 1441 1442 0.00318145
R 1444 1445 0.00318145
R 1446 1447 0.00318145
R 1448 1449 0.00318145
R 1450 1451 0.00318145
R 1452 1453 0.00318145
R 1454 1455 0.00318145
R 1456 1457 0.00318145
R 1458 1459 0.00318145
R 1460 1461 0.00318145
R 1462 1463 0.00318145
R 1464 1465 0.00318145
R 1466 1467 0.00318145
R 1468 1469 0.00318145
R 1470 1471 0.00318145
R 1472 1473 0.00318145
R 1474 1475 0.00318145
R 1476 1477 0.00318145
R 1478 1479 0.00318145
R 1480 1481 0.00318145
R 1482 1483 0.00318145
R 1484 1485 0.00318145
R 1486 1487 0.00318145
R 1488 1489 0.00318145
R 1490 1491 0.00318145
R 1492 1493 0.00318145
R 1494 1495 0.00318145
R 1496 1497 0.00318145
R 1498 1499 0.00318145
R 1500 1501 0.00318145
R 1502 1503 0.00318145
R 1504 1505 0.00318145
R 1506 1507 0.00318145
R 1508 1509 0.00318145
R 1510 1511 0.00318145
R 1512 1513 0.00318145
R 1514 1515 0.00318145
R 1516 1517 0.00318145
R 1518 1519 0.00318145
R 1520 1521 0.00318145
R 1522 1523 0.00318145
R 1524 1525 0.00318145
R 1526 1527 0.00318145
R 1528 1529 0.00318145
R 1530 1531 0.00318145
R 1532 1533 0.00318145
R 1534 1535 0.00318145
R 1536 1537 0.00318145
R 1538 1539 0.00318145
R 1540 1541 0.00318145
R 1542 1543 0.00318145
R 1544 1545 0.00318145
R 1546 1547 0.00318145
R 1548 1549 0.00318145
R 1550 1551 0.00318145
R 1552 1553 0.00318145
R 1554 1555 0.00318145
R 1556 1557 0.00318145
R 1558 1559 0.00318145
R 1560 1561 0.00318145
R 1562 1563 0.00318145
R 1564 1565 0.00318145
R 1566 1567 0.00318145
R 1568 1569 0.00318145
R 1570 1571 0.00318145
R 1572 1573 0.00318145
R 1574 1575 0.00318145
R 1576 1577 0.00318145
R 1578 1579 0.00318145
R 1580 1581 0.00318145
R 1582 1583 0.00318145
R 1584 1585 0.00318145
R 1586 1587 0.00318145
R 1588 1589 0.00318145
R 1590 1591 0.00318145
R 1592 1593 0.00318145
R 1594 1595 0.00318145
R 1596 1597 0.00318145
R 1598 1599 0.00318145
R 1600 1601 0.00318145
R 1602 1603 0.00318145
R 1604 1605 0.00318145
R 1606 1607 0.00318145
R 1608 1609 0.00318145
R 1610 1611 0.00318145
R 1612 1613 0.00318145
R 1614 1615 0.00318145
R 1616 1617 0.00318145
R 1618 1619 0.00318145
R 1620 1621 0.00318145
R 1622 1623 0.00318145
R 1624 1625 0.00318145
R 1626 1627 0.00318145
R 1628 1629 0.00318145
R 1630 1631 0.00318145
R 1632 1633 0.00318145
R 1634 1635 0.00318145
R 1636 1637 0.00318145
R 1638 1639 0.00318145
R 1640 1641 0.00318145
R 1642 1643 0.00318145
R 1644 1645 0.00318145
R 1646 1647 0.00318145
R 1648 1649 0.00318145
R 1650 1651 0.00318145
R 1652 1653 0.00318145
R 1654 1655 0.00318145
R 1656 1657 0.00318145
R 1658 1659 0.00318145
R 1660 1661 0.00318145
R 1662 1663 0.00318145
R 1664 1665 0.00318145
R 1666 1667 0.00318145
R 1668 1669 0.00318145
R 1670 1671 0.00318145
R 1672 1673 0.00318145
R 1674 1675 0.00318145
R 1676 1677 0.00318145
R 1678 1679 0.00318145
R 1680 1681 0.00318145
R 1682 1683 0.00318145
R 1684 1685 0.00318145
R 1686 1687 0.00318145
R 1688 1689 0.00318145
R 1690 1691 0.00318145
R 1692 1693 0.00318145
R 1694 1695 0.00318145
R 1696 1697 0.00318145
R 1698 1699 0.00318145
R 1700 1701 0.00318145
R 1702 1703 0.00318145
R 1704 1705 0.00318145
R 1706 1707 0.00318145
R 1708 1709 0.00318145
R 1710 1711 0.00318145
R 1712 1713 0.00318145
R 1714 1715 0.00318145
R 1716 1717 0.00318145
R 1718 1719 0.00318145
R 1720 1721 0.00318145
R 1722 1723 0.00318145
R 1724 1725 0.00318145
R 1726 1727 0.00318145
R 1728 1729 0.00318145
R 1730 1731 0.00318145
R 1732 1733 0.00318145
R 1734 1735 0.00318145
R 1736 1737 0.00318145
R 1738 1739 0.00318145
R 1740 1741 0.00318145
R 1742 1743 0.00318145
R 1744 1745 0.00318145
R 1746 1747 0.00318145
R 1748 1749 0.00318145
R 1750 1751 0.00318145
R 1752 1753 0.00318145
R 1754 1755 0.00318145
R 1756 1757 0.00318145
R 1758 1759 0.00318145
R 1760 1761 0.00318145
R 1762 1763 0.00318145
R 1764 1765 0.00318145
R 1766 1767 0.00318145
R 1768 1769 0.00318145
R 1770 1771 0.00318145
R 1772 1773 0.00318145
R 1774 1775 0.00318145
R 1776 1777 0.00318145
R 1778 1779 0.00318145
R 1780 1781 0.00318145
R 1782 1783 0.00318145
R 1784 1785 0.00318145
R 1786 1787 0.00318145
R 1788 1789 0.00318145
R 1790 1791 0.00318145
R 1792 1793 0.00318145
R 1794 1795 0.00318145
R 1796 1797 0.00318145
R 1798 1799 0.00318145
R 1800 1801 0.00318145
R 1802 1803 0.00318145
R 1805 1806 0.00318145
R 1807 1808 0.00318145
R 1809 1810 0.00318145
R 1811 1812 0.00318145
R 1813 1814 0.00318145
R 1815 1816 0.00318145
R 1817 1818 0.00318145
R 1819 1820 0.00318145
R 1821 1822 0.00318145
R 1823 1824 0.00318145
R 1825 1826 0.00318145
R 1827 1828 0.00318145
R 1829 1830 0.00318145
R 1831 1832 0.00318145
R 1833 1834 0.00318145
R 1835 1836 0.00318145
R 1837 1838 0.00318145
R 1839 1840 0.00318145
R 1841 1842 0.00318145
R 1843 1844 0.00318145
R 1845 1846 0.00318145
R 1847 1848 0.00318145
R 1849 1850 0.00318145
R 1851 1852 0.00318145
R 1853 1854 0.00318145
R 1855 1856 0.00318145
R 1857 1858 0.00318145
R 1859 1860 0.00318145
R 1861 1862 0.00318145
R 1863 1864 0.00318145
R 1865 1866 0.00318145
R 1867 1868 0.00318145
R 1869 1870 0.00318145
R 1871 1872 0.00318145
R 1873 1874 0.00318145
R 1875 1876 0.00318145
R 1877 1878 0.00318145
R 1879 1880 0.00318145
R 1881 1882 0.00318145
R 1883 1884 0.00318145
R 1885 1886 0.00318145
R 1887 1888 0.00318145
R 1889 1890 0.00318145
R 1891 1892 0.00318145
R 1893 1894 0.00318145
R 1895 1896 0.00318145
R 1897 1898 0.00318145
R 1899 1900 0.00318145
R 1901 1902 0.00318145
R 1903 1904 0.00318145
R 1905 1906 0.00318145
R 1907 1908 0.00318145
R 1909 1910 0.00318145
R 1911 1912 0.00318145
R 1913 1914 0.00318145
R 1915 1916 0.00318145
R 1917 1918 0.00318145
R 1919 1920 0.00318145
R 1921 1922 0.00318145
R 1923 1924 0.00318145
R 1925 1926 0.00318145
R 1927 1928 0.00318145
R 1929 1930 0.00318145
R 1931 1932 0.00318145
R 1933 1934 0.00318145
R 1935 1936 0.00318145
R 1937 1938 0.00318145
R 1939 1940 0.00318145
R 1941 1942 0.00318145
R 1943 1944 0.00318145
R 1945 1946 0.00318145
R 1947 1948 0.00318145
R 1949 1950 0.00318145
R 1951 1952 0.00318145
R 1953 1954 0.00318145
R 1955 1956 0.00318145
R 1957 1958 0.00318145
R 1959 1960 0.00318145
R 1961 1962 0.00318145
R 1963 1964 0.00318145
R 1965 1966 0.00318145
R 1967 1968 0.00318145
R 1969 1970 0.00318145
R 1971 1972 0.00318145
R 1973 1974 0.00318145
R 1975 1976 0.00318145
R 1977 1978 0.00318145
R 1979 1980 0.00318145
R 1981 1982 0.00318145
R 1983 1984 0.00318145
R 1985 1986 0.00318145
R 1987 1988 0.00318145
R 1989 1990 0.00318145
R 1991 1992 0.00318145
R 1993 1994 0.00318145
R 1995 1996 0.00318145
R 1997 1998 0.00318145
R 1999 2000 0.00318145
R 2001 2002 0.00318145
R 2003 2004 0.00318145
R 2005 2006 0.00318145
R 2007 2008 0.00318145
R 2009 2010 0.00318145
R 2011 2012 0.00318145
R 2013 2014 0.00318145
R 2015 2016 0.00318145
R 2017 2018 0.00318145
R 2019 2020 0.00318145
R 2021 2022 0.00318145
R 2023 2024 0.00318145
R 2025 2026 0.00318145
R 2027 2028 0.00318145
R 2029 2030 0.00318145
R 2031 2032 0.00318145
R 2033 2034 0.00318145
R 2035 2036 0.00318145
R 2037 2038 0.00318145
R 2039 2040 0.00318145
R 2041 2042 0.00318145
R 2043 2044 0.00318145
R 2045 2046 0.00318145
R 2047 2048 0.00318145
R 2049 2050 0.00318145
R 2051 2052 0.00318145
R 2053 2054 0.00318145
R 2055 2056 0.00318145
R 2057 2058 0.00318145
R 2059 2060 0.00318145
R 2061 2062 0.00318145
R 2063 2064 0.00318145
R 2065 2066 0.00318145
R 2067 2068 0.00318145
R 2069 2070 0.00318145
R 2071 2072 0.00318145
R 2073 2074 0.00318145
R 2075 2076 0.00318145
R 2077 2078 0.00318145
R 2079 2080 0.00318145
R 2081 2082 0.00318145
R 2083 2084 0.00318145
R 2085 2086 0.00318145
R 2087 2088 0.00318145
R 2089 2090 0.00318145
R 2091 2092 0.00318145
R 2093 2094 0.00318145
R 2095 2096 0.00318145
R 2097 2098 0.00318145
R 2099 2100 0.00318145
R 2101 2102 0.00318145
R 2103 2104 0.00318145
R 2105 2106 0.00318145
R 2107 2108 0.00318145
R 2109 2110 0.00318145
R 2111 2112 0.00318145
R 2113 2114 0.00318145
R 2115 2116 0.00318145
R 2117 2118 0.00318145
R 2119 2120 0.00318145
R 2121 2122 0.00318145
R 2123 2124 0.00318145
R 2125 2126 0.00318145
R 2127 2128 0.00318145
R 2129 2130 0.00318145
R 2131 2132 0.00318145
R 2133 2134 0.00318145
R 2135 2136 0.00318145
R 2137 2138 0.00318145
R 2139 2140 0.00318145
R 2141 2142 0.00318145
R 2143 2144 0.00318145
R 2145 2146 0.00318145
R 2147 2148 0.00318145
R 2149 2150 0.00318145
R 2151 2152 0.00318145
R 2153 2154 0.00318145
R 2155 2156 0.00318145
R 2157 2158 0.00318145
R 2159 2160 0.00318145
R 2161 2162 0.00318145
R 2163 2164 0.00318145
R 2168 1 20
R 1 2169 25
R 722 0 50
R 722 2170 25
R 1804 0 50
R 1804 2166 25
R 2165 0 100
G 3 0 0
G 5 0 0
G 7 0 0
G 9 0 0
G 11 0 0
G 13 0 0
G 15 0 0
G 17 0 0
G 19 0 0
G 21 0 0
G 23 0 0
G 25 0 0
G 27 0 0
G 29 0 0
G 31 0 0
G 33 0 0
G 35 0 0
G 37 0 0
G 39 0 0
G 41 0 0
G 43 0 0
G 45 0 0
G 47 0 0
G 49 0 0
G 51 0 0
G 53 0 0
G 55 0 0
G 57 0 0
G 59 0 0
G 61 0 0
G 63 0 0
G 65 0 0
G 67 0 0
G 69 0 0
G 71 0 0
G 73 0 0
G 75 0 0
G 77 0 0
G 79 0 0
G 81 0 0
G 83 0 0
G 85 0 0
G 87 0 0
G 89 0 0
G 91 0 0
G 93 0 0
G 95 0 0
G 97 0 0
G 99 0 0
G 101 0 0
G 103 0 0
G 105 0 0
G 107 0 0
G 109 0 0
G 111 0 0
G 113 0 0
G 115 0 0
G 117 0 0
G 119 0 0
G 121 0 0
G 123 0 0
G 125 0 0
G 127 0 0
G 129 0 0
G 131 0 0
G 133 0 0
G 135 0 0
G 137 0 0
G 139 0 0
G 141 0 0
G 143 0 0
G 145 0 0
G 147 0 0
G 149 0 0
G 151 0 0
G 153 0 0
G 155 0 0
G 157 0 0
G 159 0 0
G 161 0 0
G 163 0 0
G 165 0 0
G 167 0 0
G 169 0 0
G 171 0 0
G 173 0 0
G 175 0 0
G 177 0 0
G 179 0 0
G 181 0 0
G 183 0 0
G 185 0 0
G 187 0 0
G 189 0 0
G 191 0 0
G 193 0 0
G 195 0 0
G 197 0 0
G 199 0 0
G 201 0 0
G 203 0 0
G 205 0 0
G 207 0 0
G 209 0 0
G 211 0 0
G 213 0 0
G 215 0 0
G 217 0 0
G 219 0 0
G 221 0 0
G 223 0 0
G 225 0 0
G 227 0 0
G 229 0 0
G 231 0 0
G 233 0 0
G 235 0 0
G 237 0 0
G 239 0 0
G 241 0 0
G 243 0 0
G 245 0 0
G 247 0 0
G 249 0 0
G 251 0 0
G 253 0 0
G 255 0 0
G 257 0 0
G 259 0 0
G 261 0 0
G 263 0 0
G 265 0 0
G 267 0 0
G 269 0 0
G 271 0 0
G 273 0 0
G 275 0 0
G 277 0 0
G 279 0 0
G 281 0 0
G 283 0 0
G 285 0 0
G 287 0 0
G 289 0 0
G 291 0 0
G 293 0 0
G 295 0 0
G 297 0 0
G 299 0 0
G 301 0 0
G 303 0 0
G 305 0 0
G 307 0 0
G 309 0 0
G 311 0 0
G 313 0 0
G 315 0 0
G 317 0 0
G 319 0 0
G 321 0 0
G 323 0 0
G 325 0 0
G 327 0 0
G 329 0 0
G 331 0 0
G 333 0 0
G 335 0 0
G 337 0 0
G 339 0 0
G 341 0 0
G 343 0 0
G 345 0 0
G 347 0 0
G 349 0 0
G 351 0 0
G 353 0 0
G 355 0 0
G 357 0 0
G 359 0 0
G 361 0 0
G 364 0 0
G 366 0 0
G 368 0 0
G 370 0 0
G 372 0 0
G 374 0 0
G 376 0 0
G 378 0 0
G 380 0 0
G 382 0 0
G 384 0 0
G 386 0 0
G 388 0 0
G 390 0 0
G 392 0 0
G 394 0 0
G 396 0 0
G 398 0 0
G 400 0 0
G 402 0 0
G 404 0 0
G 406 0 0
G 408 0 0
G 410 0 0
G 412 0 0
G 414 0 0
G 416 0 0
G 418 0 0
G 420 0 0
G 422 0 0
G 424 0 0
G 426 0 0
G 428 0 0
G 430 0 0
G 432 0 0
G 434 0 0
G 436 0 0
G 438 0 0
G 440 0 0
G 442 0 0
G 444 0 0
G 446 0 0
G 448 0 0
G 450 0 0
G 452 0 0
G 454 0 0
G 456 0 0
G 458 0 0
G 460 0 0
G 462 0 0
G 464 0 0
G 466 0 0
G 468 0 0
G 470 0 0
G 472 0 0
G 474 0 0
G 476 0 0
G 478 0 0
G 480 0 0
G 482 0 0
G 484 0 0
G 486 0 0
G 488 0 0
G 490 0 0
G 492 0 0
G 494 0 0
G 496 0 0
G 498 0 0
G 500 0 0
G 502 0 0
G 504 0 0
G 506 0 0
G 508 0 0
G 510 0 0
G 512 0 0
G 514 0 0
G 516 0 0
G 518 0 0
G 520 0 0
G 522 0 0
G 524 0 0
G 526 0 0
G 528 0 0
G 530 0 0
G 532 0 0
G 534 0 0
G 536 0 0
G 538 0 0
G 540 0 0
G 542 0 0
G 544 0 0
G 546 0 0
G 548 0 0
G 550 0 0
G 552 0 0
G 554 0 0
G 556 0 0
G 558 0 0
G 560 0 0
G 562 0 0
G 564 0 0
G 566 0 0
G 568 0 0
G 570 0 0
G 572 0 0
G 574 0 0
G 576 0 0
G 578 0 0
G 580 0 0
G 582 0 0
G 584 0 0
G 586 0 0
G 588 0 0
G 590 0 0
G 592 0 0
G 594 0 0
G 596 0 0
G 598 0 0
G 600 0 0
G 602 0 0
G 604 0 0
G 606 0 0
G 608 0 0
G 610 0 0
G 612 0 0
G 614 0 0
G 616 0 0
G 618 0 0
G 620 0 0
G 622 0 0
G 624 0 0
G 626 0 0
G 628 0 0
G 630 0 0
G 632 0 0
G 634 0 0
G 636 0 0
G 638 0 0
G 640 0 0
G 642 0 0
G 644 0 0
G 646 0 0
G 648 0 0
G 650 0 0
G 652 0 0
G 654 0 0
G 656 0 0
G 658 0 0
G 660 0 0
G 662 0 0
G 664 0 0
G 666 0 0
G 668 0 0
G 670 0 0
G 672 0 0
G 674 0 0
G 676 0 0
G 678 0 0
G 680 0 0
G 682 0 0
G 684 0 0
G 686 0 0
G 688 0 0
G 690 0 0
G 692 0 0
G 694 0 0
G 696 0 0
G 698 0 0
G 700 0 0
G 702 0 0
G 704 0 0
G 706 0 0
G 708 0 0
G 710 0 0
G 712 0 0
G 714 0 0
G 716 0 0
G 718 0 0
G 720 0 0
G 722 0 0
G 724 0 0
G 726 0 0
G 728 0 0
G 730 0 0
G 732 0 0
G 734 0 0
G 736 0 0
G 738 0 0
G 740 0 0
G 742 0 0
G 744 0 0
G 746 0 0
G 748 0 0
G 750 0 0
G 752 0 0
G 754 0 0
G 756 0 0
G 758 0 0
G 760 0 0
G 762 0 0
G 764 0 0
G 766 0 0
G 768 0 0
G 770 0 0
G 772 0 0
G 774 0 0
G 776 0 0
G 778 0 0
G 780 0 0
G 782 0 0
G 784 0 0
G 786 0 0
G 788 0 0
G 790 0 0
G 792 0 0
G 794 0 0
G 796 0 0
G 798 0 0
G 800 0 0
G 802 0 0
G 804 0 0
G 806 0 0
G 808 0 0
G 810 0 0
G 812 0 0
G 814 0 0
G 816 0 0
G 818 0 0
G 820 0 0
G 822 0 0
G 824 0 0
G 826 0 0
G 828 0 0
G 830 0 0
G 832 0 0
G 834 0 0
G 836 0 0
G 838 0 0
G 840 0 0
G 842 0 0
G 844 0 0
G 846 0 0
G 848 0 0
G 850 0 0
G 852 0 0
G 854 0 0
G 856 0 0
G 858 0 0
G 860 0 0
G 862 0 0
G 864 0 0
G 866 0 0
G 868 0 0
G 870 0 0
G 872 0 0
G 874 0 0
G 876 0 0
G 878 0 0
G 880 0 0
G 882 0 0
G 884 0 0
G 886 0 0
G 888 0 0
G 890 0 0
G 892 0 0
G 894 0 0
G 896 0 0
G 898 0 0
G 900 0 0
G 902 0 0
G 904 0 0
G 906 0 0
G 908 0 0
G 910 0 0
G 912 0 0
G 914 0 0
G 916 0 0
G 918 0 0
G 920 0 0
G 922 0 0
G 924 0 0
G 926 0 0
G 928 0 0
G 930 0 0
G 932 0 0
G 934 0 0
G 936 0 0
G 938 0 0
G 940 0 0
G 942 0 0
G 944 0 0
G 946 0 0
G 948 0 0
G 950 0 0
G 952 0 0
G 954 0 0
G 956 0 0
G 958 0 0
G 960 0 0
G 962 0 0
G 964 0 0
G 966 0 0
G 968 0 0
G 970 0 0
G 972 0 0
G 974 0 0
G 976 0 0
G 978 0 0
G 980 0 0
G 982 0 0
G 984 0 0
G 986 0 0
G 988 0 0
G 990 0 0
G 992 0 0
G 994 0 0
G 996 0 0
G 998 0 0
G 1000 0 0
G 1002 0 0
G 1004 0 0
G 1006 0 0
G 1008 0 0
G 1010 0 0
G 1012 0 0
G 1014 0 0
G 1016 0 0
G 1018 0 0
G 1020 0 0
G 1022 0 0
G 1024 0 0
G 1026 0 0
G 1028 0 0
G 1030 0 0
G 1032 0 0
G 1034 0 0
G 1036 0 0
G 1038 0 0
G 1040 0 0
G 1042 0 0
G 1044 0 0
G 1046 0 0
G 1048 0 0
G 1050 0 0
G 1052 0 0
G 1054 0 0
G 1056 0 0
G 1058 0 0
G 1060 0 0
G 1062 0 0
G 1064 0 0
G 1066 0 0
G 1068 0 0
G 1070 0 0
G 1072 0 0
G 1074 0 0
G 1076 0 0
G 1078 0 0
G 1080 0 0
G 1082 0 0
G 1085 0 0
G 1087 0 0
G 1089 0 0
G 1091 0 0
G 1093 0 0
G 1095 0 0
G 1097 0 0
G 1099 0 0
G 1101 0 0
G 1103 0 0
G 1105 0 0
G 1107 0 0
G 1109 0 0
G 1111 0 0
G 1113 0 0
G 1115 0 0
G 1117 0 0
G 1119 0 0
G 1121 0 0
G 1123 0 0
G 1125 0 0
G 1127 0 0
G 1129 0 0
G 1131 0 0
G 1133 0 0
G 1135 0 0
G 1137 0 0
G 1139 0 0
G 1141 0 0
G 1143 0 0
G 1145 0 0
G 1147 0 0
G 1149 0 0
G 1151 0 0
G 1153 0 0
G 1155 0 0
G 1157 0 0
G 1159 0 0
G 1161 0 0
G 1163 0 0
G 1165 0 0
G 1167 0 0
G 1169 0 0
G 1171 0 0
G 1173 0 0
G 1175 0 0
G 1177 0 0
G 1179 0 0
G 1181 0 0
G 1183 0 0
G 1185 0 0
G 1187 0 0
G 1189 0 0
G 1191 0 0
G 1193 0 0
G 1195 0 0
G 1197 0 0
G 1199 0 0
G 1201 0 0
G 1203 0 0
G 1205 0 0
G 1207 0 0
G 1209 0 0
G 1211 0 0
G 1213 0 0
G 1215 0 0
G 1217 0 0
G 1219 0 0
G 1221 0 0
G 1223 0 0
G 1225 0 0
G 1227 0 0
G 1229 0 0
G 1231 0 0
G 1233 0 0
G 1235 0 0
G 1237 0 0
G 1239 0 0
G 1241 0 0
G 1243 0 0
G 1245 0 0
G 1247 0 0
G 1249 0 0
G 1251 0 0
G 1253 0 0
G 1255 0 0
G 1257 0 0
G 1259 0 0
G 1261 0 0
G 1263 0 0
G 1265 0 0
G 1267 0 0
G 1269 0 0
G 1271 0 0
G 1273 0 0
G 1275 0 0
G 1277 0 0
G 1279 0 0
G 1281 0 0
G 1283 0 0
G 1285 0 0
G 1287 0 0
G 1289 0 0
G 1291 0 0
G 1293 0 0
G 1295 0 0
G 1297 0 0
G 1299 0 0
G 1301 0 0
G 1303 0 0
G 1305 0 0
G 1307 0 0
G 1309 0 0
G 1311 0 0
G 1313 0 0
G 1315 0 0
G 1317 0 0
G 1319 0 0
G 1321 0 0
G 1323 0 0
G 1325 0 0
G 1327 0 0
G 1329 0 0
G 1331 0 0
G 1333 0 0
G 1335 0 0
G 1337 0 0
G 1339 0 0
G 1341 0 0
G 1343 0 0
G 1345 0 0
G 1347 0 0
G 1349 0 0
G 1351 0 0
G 1353 0 0
G 1355 0 0
G 1357 0 0
G 1359 0 0
G 1361 0 0
G 1363 0 0
G 1365 0 0
G 1367 0 0
G 1369 0 0
G 1371 0 0
G 1373 0 0
G 1375 0 0
G 1377 0 0
G 1379 0 0
G 1381 0 0
G 1383 0 0
G 1385 0 0
G 1387 0 0
G 1389 0 0
G 1391 0 0
G 1393 0 0
G 1395 0 0
G 1397 0 0
G 1399 0 0
G 1401 0 0
G 1403 0 0
G 1405 0 0
G 1407 0 0
G 1409 0 0
G 1411 0 0
G 1413 0 0
G 1415 0 0
G 1417 0 0
G 1419 0 0
G 1421 0 0
G 1423 0 0
G 1425 0 0
G 1427 0 0
G 1429 0 0
G 1431 0 0
G 1433 0 0
G 1435 0 0
G 1437 0 0
G 1439 0 0
G 1441 0 0
G 1443 0 0
G 1446 0 0
G 1448 0 0
G 1450 0 0
G 1452 0 0
G 1454 0 0
G 1456 0 0
G 1458 0 0
G 1460 0 0
G 1462 0 0
G 1464 0 0
G 1466 0 0
G 1468 0 0
G 1470 0 0
G 1472 0 0
G 1474 0 0
G 1476 0 0
G 1478 0 0
G 1480 0 0
G 1482 0 0
G 1484 0 0
G 1486 0 0
G 1488 0 0
G 1490 0 0
G 1492 0 0
G 1494 0 0
G 1496 0 0
G 1498 0 0
G 1500 0 0
G 1502 0 0
G 1504 0 0
G 1506 0 0
G 1508 0 0
G 1510 0 0
G 1512 0 0
G 1514 0 0
G 1516 0 0
G 1518 0 0
G 1520 0 0
G 1522 0 0
G 1524 0 0
G 1526 0 0
G 1528 0 0
G 1530 0 0
G 1532 0 0
G 1534 0 0
G 1536 0 0
G 1538 0 0
G 1540 0 0
G 1542 0 0
G 1544 0 0
G 1546 0 0
G 1548 0 0
G 1550 0 0
G 1552 0 0
G 1554 0 0
G 1556 0 0
G 1558 0 0
G 1560 0 0
G 1562 0 0
G 1564 0 0
G 1566 0 0
G 1568 0 0
G 1570 0 0
G 1572 0 0
G 1574 0 0
G 1576 0 0
G 1578 0 0
G 1580 0 0
G 1582 0 0
G 1584 0 0
G 1586 0 0
G 1588 0 0
G 1590 0 0
G 1592 0 0
G 1594 0 0
G 1596 0 0
G 1598 0 0
G 1600 0 0
G 1602 0 0
G 1604 0 0
G 1606 0 0
G 1608 0 0
G 1610 0 0
G 1612 0 0
G 1614 0 0
G 1616 0 0
G 1618 0 0
G 1620 0 0
G 1622 0 0
G 1624 0 0
G 1626 0 0
G 1628 0 0
G 1630 0 0
G 1632 0 0
G 1634 0 0
G 1636 0 0
G 1638 0 0
G 1640 0 0
G 1642 0 0
G 1644 0 0
G 1646 0 0
G 1648 0 0
G 1650 0 0
G 1652 0 0
G 1654 0 0
G 1656 0 0
G 1658 0 0
G 1660 0 0
G 1662 0 0
G 1664 0 0
G 1666 0 0
G 1668 0 0
G 1670 0 0
G 1672 0 0
G 1674 0 0
G 1676 0 0
G 1678 0 0
G 1680 0 0
G 1682 0 0
G 1684 0 0
G 1686 0 0
G 1688 0 0
G 1690 0 0
G 1692 0 0
G 1694 0 0
G 1696 0 0
G 1698 0 0
G 1700 0 0
G 1702 0 0
G 1704 0 0
G 1706 0 0
G 1708 0 0
G 1710 0 0
G 1712 0 0
G 1714 0 0
G 1716 0 0
G 1718 0 0
G 1720 0 0
G 1722 0 0
G 1724 0 0
G 1726 0 0
G 1728 0 0
G 1730 0 0
G 1732 0 0
G 1734 0 0
G 1736 0 0
G 1738 0 0
G 1740 0 0
G 1742 0 0
G 1744 0 0
G 1746 0 0
G 1748 0 0
G 1750 0 0
G 1752 0 0
G 1754 0 0
G 1756 0 0
G 1758 0 0
G 1760 0 0
G 1762 0 0
G 1764 0 0
G 1766 0 0
G 1768 0 0
G 1770 0 0
G 1772 0 0
G 1774 0 0
G 1776 0 0
G 1778 0 0
G 1780 0 0
G 1782 0 0
G 1784 0 0
G 1786 0 0
G 1788 0 0
G 1790 0 0
G 1792 0 0
G 1794 0 0
G 1796 0 0
G 1798 0 0
G 1800 0 0
G 1802 0 0
G 1804 0 0
G 1807 0 0
G 1809 0 0
G 1811 0 0
G 1813 0 0
G 1815 0 0
G 1817 0 0
G 1819 0 0
G 1821 0 0
G 1823 0 0
G 1825 0 0
G 1827 0 0
G 1829 0 0
G 1831 0 0
G 1833 0 0
G 1835 0 0
G 1837 0 0
G 1839 0 0
G 1841 0 0
G 1843 0 0
G 1845 0 0
G 1847 0 0
G 1849 0 0
G 1851 0 0
G 1853 0 0
G 1855 0 0
G 1857 0 0
G 1859 0 0
G 1861 0 0
G 1863 0 0
G 1865 0 0
G 1867 0 0
G 1869 0 0
G 1871 0 0
G 1873 0 0
G 1875 0 0
G 1877 0 0
G 1879 0 0
G 1881 0 0
G 1883 0 0
G 1885 0 0
G 1887 0 0
G 1889 0 0
G 1891 0 0
G 1893 0 0
G 1895 0 0
G 1897 0 0
G 1899 0 0
G 1901 0 0
G 1903 0 0
G 1905 0 0
G 1907 0 0
G 1909 0 0
G 1911 0 0
G 1913 0 0
G 1915 0 0
G 1917 0 0
G 1919 0 0
G 1921 0 0
G 1923 0 0
G 1925 0 0
G 1927 0 0
G 1929 0 0
G 1931 0 0
G 1933 0 0
G 1935 0 0
G 1937 0 0
G 1939 0 0
G 1941 0 0
G 1943 0 0
G 1945 0 0
G 1947 0 0
G 1949 0 0
G 1951 0 0
G 1953 0 0
G 1955 0 0
G 1957 0 0
G 1959 0 0
G 1961 0 0
G 1963 0 0
G 1965 0 0
G 1967 0 0
G 1969 0 0
G 1971 0 0
G 1973 0 0
G 1975 0 0
G 1977 0 0
G 1979 0 0
G 1981 0 0
G 1983 0 0
G 1985 0 0
G 1987 0 0
G 1989 0 0
G 1991 0 0
G 1993 0 0
G 1995 0 0
G 1997 0 0
G 1999 0 0
G 2001 0 0
G 2003 0 0
G 2005 0 0
G 2007 0 0
G 2009 0 0
G 2011 0 0
G 2013 0 0
G 2015 0 0
G 2017 0 0
G 2019 0 0
G 2021 0 0
G 2023 0 0
G 2025 0 0
G 2027 0 0
G 2029 0 0
G 2031 0 0
G 2033 0 0
G 2035 0 0
G 2037 0 0
G 2039 0 0
G 2041 0 0
G 2043 0 0
G 2045 0 0
G 2047 0 0
G 2049 0 0
G 2051 0 0
G 2053 0 0
G 2055 0 0
G 2057 0 0
G 2059 0 0
G 2061 0 0
G 2063 0 0
G 2065 0 0
G 2067 0 0
G 2069 0 0
G 2071 0 0
G 2073 0 0
G 2075 0 0
G 2077 0 0
G 2079 0 0
G 2081 0 0
G 2083 0 0
G 2085 0 0
G 2087 0 0
G 2089 0 0
G 2091 0 0
G 2093 0 0
G 2095 0 0
G 2097 0 0
G 2099 0 0
G 2101 0 0
G 2103 0 0
G 2105 0 0
G 2107 0 0
G 2109 0 0
G 2111 0 0
G 2113 0 0
G 2115 0 0
G 2117 0 0
G 2119 0 0
G 2121 0 0
G 2123 0 0
G 2125 0 0
G 2127 0 0
G 2129 0 0
G 2131 0 0
G 2133 0 0
G 2135 0 0
G 2137 0 0
G 2139 0 0
G 2141 0 0
G 2143 0 0
G 2145 0 0
G 2147 0 0
G 2149 0 0
G 2151 0 0
G 2153 0 0
G 2155 0 0
G 2157 0 0
G 2159 0 0
G 2161 0 0
G 2163 0 0
G 2165 0 0
C 3 0 8.2492e-14
C 5 0 8.2492e-14
C 7 0 8.2492e-14
C 9 0 8.2492e-14
C 11 0 8.2492e-14
C 13 0 8.2492e-14
C 15 0 8.2492e-14
C 17 0 8.2492e-14
C 19 0 8.2492e-14
C 21 0 8.2492e-14
C 23 0 8.2492e-14
C 25 0 8.2492e-14
C 27 0 8.2492e-14
C 29 0 8.2492e-14
C 31 0 8.2492e-14
C 33 0 8.2492e-14
C 35 0 8.2492e-14
C 37 0 8.2492e-14
C 39 0 8.2492e-14
C 41 0 8.2492e-14
C 43 0 8.2492e-14
C 45 0 8.2492e-14
C 47 0 8.2492e-14
C 49 0 8.2492e-14
C 51 0 8.2492e-14
C 53 0 8.2492e-14
C 55 0 8.2492e-14
C 57 0 8.2492e-14
C 59 0 8.2492e-14
C 61 0 8.2492e-14
C 63 0 8.2492e-14
C 65 0 8.2492e-14
C 67 0 8.2492e-14
C 69 0 8.2492e-14
C 71 0 8.2492e-14
C 73 0 8.2492e-14
C 75 0 8.2492e-14
C 77 0 8.2492e-14
C 79 0 8.2492e-14
C 81 0 8.2492e-14
C 83 0 8.2492e-14
C 85 0 8.2492e-14
C 87 0 8.2492e-14
C 89 0 8.2492e-14
C 91 0 8.2492e-14
C 93 0 8.2492e-14
C 95 0 8.2492e-14
C 97 0 8.2492e-14
C 99 0 8.2492e-14
C 101 0 8.2492e-14
C 103 0 8.2492e-14
C 105 0 8.2492e-14
C 107 0 8.2492e-14
C 109 0 8.2492e-14
C 111 0 8.2492e-14
C 113 0 8.2492e-14
C 115 0 8.2492e-14
C 117 0 8.2492e-14
C 119 0 8.2492e-14
C 121 0 8.2492e-14
C 123 0 8.2492e-14
C 125 0 8.2492e-14
C 127 0 8.2492e-14
C 129 0 8.2492e-14
C 131 0 8.2492e-14
C 133 0 8.2492e-14
C 135 0 8.2492e-14
C 137 0 8.2492e-14
C 139 0 8.2492e-14
C 141 0 8.2492e-14
C 143 0 8.2492e-14
C 145 0 8.2492e-14
C 147 0 8.2492e-14
C 149 0 8.2492e-14
C 151 0 8.2492e-14
C 153 0 8.2492e-14
C 155 0 8.2492e-14
C 157 0 8.2492e-14
C 159 0 8.2492e-14
C 161 0 8.2492e-14
C 163 0 8.2492e-14
C 165 0 8.2492e-14
C 167 0 8.2492e-14
C 169 0 8.2492e-14
C 171 0 8.2492e-14
C 173 0 8.2492e-14
C 175 0 8.2492e-14
C 177 0 8.2492e-14
C 179 0 8.2492e-14
C 181 0 8.2492e-14
C 183 0 8.2492e-14
C 185 0 8.2492e-14
C 187 0 8.2492e-14
C 189 0 8.2492e-14
C 191 0 8.2492e-14
C 193 0 8.2492e-14
C 195 0 8.2492e-14
C 197 0 8.2492e-14
C 199 0 8.2492e-14
C 201 0 8.2492e-14
C 203 0 8.2492e-14
C 205 0 8.2492e-14
C 207 0 8.2492e-14
C 209 0 8.2492e-14
C 211 0 8.2492e-14
C 213 0 8.2492e-14
C 215 0 8.2492e-14
C 217 0 8.2492e-14
C 219 0 8.2492e-14
C 221 0 8.2492e-14
C 223 0 8.2492e-14
C 225 0 8.2492e-14
C 227 0 8.2492e-14
C 229 0 8.2492e-14
C 231 0 8.2492e-14
C 233 0 8.2492e-14
C 235 0 8.2492e-14
C 237 0 8.2492e-14
C 239 0 8.2492e-14
C 241 0 8.2492e-14
C 243 0 8.2492e-14
C 245 0 8.2492e-14
C 247 0 8.2492e-14
C 249 0 8.2492e-14
C 251 0 8.2492e-14
C 253 0 8.2492e-14
C 255 0 8.2492e-14
C 257 0 8.2492e-14
C 259 0 8.2492e-14
C 261 0 8.2492e-14
C 263 0 8.2492e-14
C 265 0 8.2492e-14
C 267 0 8.2492e-14
C 269 0 8.2492e-14
C 271 0 8.2492e-14
C 273 0 8.2492e-14
C 275 0 8.2492e-14
C 277 0 8.2492e-14
C 279 0 8.2492e-14
C 281 0 8.2492e-14
C 283 0 8.2492e-14
C 285 0 8.2492e-14
C 287 0 8.2492e-14
C 289 0 8.2492e-14
C 291 0 8.2492e-14
C 293 0 8.2492e-14
C 295 0 8.2492e-14
C 297 0 8.2492e-14
C 299 0 8.2492e-14
C 301 0 8.2492e-14
C 303 0 8.2492e-14
C 305 0 8.2492e-14
C 307 0 8.2492e-14
C 309 0 8.2492e-14
C 311 0 8.2492e-14
C 313 0 8.2492e-14
C 315 0 8.2492e-14
C 317 0 8.2492e-14
C 319 0 8.2492e-14
C 321 0 8.2492e-14
C 323 0 8.2492e-14
C 325 0 8.2492e-14
C 327 0 8.2492e-14
C 329 0 8.2492e-14
C 331 0 8.2492e-14
C 333 0 8.2492e-14
C 335 0 8.2492e-14
C 337 0 8.2492e-14
C 339 0 8.2492e-14
C 341 0 8.2492e-14
C 343 0 8.2492e-14
C 345 0 8.2492e-14
C 347 0 8.2492e-14
C 349 0 8.2492e-14
C 351 0 8.2492e-14
C 353 0 8.2492e-14
C 355 0 8.2492e-14
C 357 0 8.2492e-14
C 359 0 8.2492e-14
C 361 0 8.2492e-14
C 364 0 8.2492e-14
C 366 0 8.2492e-14
C 368 0 8.2492e-14
C 370 0 8.2492e-14
C 372 0 8.2492e-14
C 374 0 8.2492e-14
C 376 0 8.2492e-14
C 378 0 8.2492e-14
C 380 0 8.2492e-14
C 382 0 8.2492e-14
C 384 0 8.2492e-14
C 386 0 8.2492e-14
C 388 0 8.2492e-14
C 390 0 8.2492e-14
C 392 0 8.2492e-14
C 394 0 8.2492e-14
C 396 0 8.2492e-14
C 398 0 8.2492e-14
C 400 0 8.2492e-14
C 402 0 8.2492e-14
C 404 0 8.2492e-14
C 406 0 8.2492e-14
C 408 0 8.2492e-14
C 410 0 8.2492e-14
C 412 0 8.2492e-14
C 414 0 8.2492e-14
C 416 0 8.2492e-14
C 418 0 8.2492e-14
C 420 0 8.2492e-14
C 422 0 8.2492e-14
C 424 0 8.2492e-14
C 426 0 8.2492e-14
C 428 0 8.2492e-14
C 430 0 8.2492e-14
C 432 0 8.2492e-14
C 434 0 8.2492e-14
C 436 0 8.2492e-14
C 438 0 8.2492e-14
C 440 0 8.2492e-14
C 442 0 8.2492e-14
C 444 0 8.2492e-14
C 446 0 8.2492e-14
C 448 0 8.2492e-14
C 450 0 8.2492e-14
C 452 0 8.2492e-14
C 454 0 8.2492e-14
C 456 0 8.2492e-14
C 458 0 8.2492e-14
C 460 0 8.2492e-14
C 462 0 8.2492e-14
C 464 0 8.2492e-14
C 466 0 8.2492e-14
C 468 0 8.2492e-14
C 470 0 8.2492e-14
C 472 0 8.2492e-14
C 474 0 8.2492e-14
C 476 0 8.2492e-14
C 478 0 8.2492e-14
C 480 0 8.2492e-14
C 482 0 8.2492e-14
C 484 0 8.2492e-14
C 486 0 8.2492e-14
C 488 0 8.2492e-14
C 490 0 8.2492e-14
C 492 0 8.2492e-14
C 494 0 8.2492e-14
C 496 0 8.2492e-14
C 498 0 8.2492e-14
C 500 0 8.2492e-14
C 502 0 8.2492e-14
C 504 0 8.2492e-14
C 506 0 8.2492e-14
C 508 0 8.2492e-14
C 510 0 8.2492e-14
C 512 0 8.2492e-14
C 514 0 8.2492e-14
C 516 0 8.2492e-14
C 518 0 8.2492e-14
C 520 0 8.2492e-14
C 522 0 8.2492e-14
C 524 0 8.2492e-14
C 526 0 8.2492e-14
C 528 0 8.2492e-14
C 530 0 8.2492e-14
C 532 0 8.2492e-14
C 534 0 8.2492e-14
C 536 0 8.2492e-14
C 538 0 8.2492e-14
C 540 0 8.2492e-14
C 542 0 8.2492e-14
C 544 0 8.2492e-14
C 546 0 8.2492e-14
C 548 0 8.2492e-14
C 550 0 8.2492e-14
C 552 0 8.2492e-14
C 554 0 8.2492e-14
C 556 0 8.2492e-14
C 558 0 8.2492e-14
C 560 0 8.2492e-14
C 562 0 8.2492e-14
C 564 0 8.2492e-14
C 566 0 8.2492e-14
C 568 0 8.2492e-14
C 570 0 8.2492e-14
C 572 0 8.2492e-14
C 574 0 8.2492e-14
C 576 0 8.2492e-14
C 578 0 8.2492e-14
C 580 0 8.2492e-14
C 582 0 8.2492e-14
C 584 0 8.2492e-14
C 586 0 8.2492e-14
C 588 0 8.2492e-14
C 590 0 8.2492e-14
C 592 0 8.2492e-14
C 594 0 8.2492e-14
C 596 0 8.2492e-14
C 598 0 8.2492e-14
C 600 0 8.2492e-14
C 602 0 8.2492e-14
C 604 0 8.2492e-14
C 606 0 8.2492e-14
C 608 0 8.2492e-14
C 610 0 8.2492e-14
C 612 0 8.2492e-14
C 614 0 8.2492e-14
C 616 0 8.2492e-14
C 618 0 8.2492e-14
C 620 0 8.2492e-14
C 622 0 8.2492e-14
C 624 0 8.2492e-14
C 626 0 8.2492e-14
C 628 0 8.2492e-14
C 630 0 8.2492e-14
C 632 0 8.2492e-14
C 634 0 8.2492e-14
C 636 0 8.2492e-14
C 638 0 8.2492e-14
C 640 0 8.2492e-14
C 642 0 8.2492e-14
C 644 0 8.2492e-14
C 646 0 8.2492e-14
C 648 0 8.2492e-14
C 650 0 8.2492e-14
C 652 0 8.2492e-14
C 654 0 8.2492e-14
C 656 0 8.2492e-14
C 658 0 8.2492e-14
C 660 0 8.2492e-14
C 662 0 8.2492e-14
C 664 0 8.2492e-14
C 666 0 8.2492e-14
C 668 0 8.2492e-14
C 670 0 8.2492e-14
C 672 0 8.2492e-14
C 674 0 8.2492e-14
C 676 0 8.2492e-14
C 678 0 8.2492e-14
C 680 0 8.2492e-14
C 682 0 8.2492e-14
C 684 0 8.2492e-14
C 686 0 8.2492e-14
C 688 0 8.2492e-14
C 690 0 8.2492e-14
C 692 0 8.2492e-14
C 694 0 8.2492e-14
C 696 0 8.2492e-14
C 698 0 8.2492e-14
C 700 0 8.2492e-14
C 702 0 8.2492e-14
C 704 0 8.2492e-14
C 706 0 8.2492e-14
C 708 0 8.2492e-14
C 710 0 8.2492e-14
C 712 0 8.2492e-14
C 714 0 8.2492e-14
C 716 0 8.2492e-14
C 718 0 8.2492e-14
C 720 0 8.2492e-14
C 722 0 8.2492e-14
C 724 0 8.2492e-14
C 726 0 8.2492e-14
C 728 0 8.2492e-14
C 730 0 8.2492e-14
C 732 0 8.2492e-14
C 734 0 8.2492e-14
C 736 0 8.2492e-14
C 738 0 8.2492e-14
C 740 0 8.2492e-14
C 742 0 8.2492e-14
C 744 0 8.2492e-14
C 746 0 8.2492e-14
C 748 0 8.2492e-14
C 750 0 8.2492e-14
C 752 0 8.2492e-14
C 754 0 8.2492e-14
C 756 0 8.2492e-14
C 758 0 8.2492e-14
C 760 0 8.2492e-14
C 762 0 8.2492e-14
C 764 0 8.2492e-14
C 766 0 8.2492e-14
C 768 0 8.2492e-14
C 770 0 8.2492e-14
C 772 0 8.2492e-14
C 774 0 8.2492e-14
C 776 0 8.2492e-14
C 778 0 8.2492e-14
C 780 0 8.2492e-14
C 782 0 8.2492e-14
C 784 0 8.2492e-14
C 786 0 8.2492e-14
C 788 0 8.2492e-14
C 790 0 8.2492e-14
C 792 0 8.2492e-14
C 794 0 8.2492e-14
C 796 0 8.2492e-14
C 798 0 8.2492e-14
C 800 0 8.2492e-14
C 802 0 8.2492e-14
C 804 0 8.2492e-14
C 806 0 8.2492e-14
C 808 0 8.2492e-14
C 810 0 8.2492e-14
C 812 0 8.2492e-14
C 814 0 8.2492e-14
C 816 0 8.2492e-14
C 818 0 8.2492e-14
C 820 0 8.2492e-14
C 822 0 8.2492e-14
C 824 0 8.2492e-14
C 826 0 8.2492e-14
C 828 0 8.2492e-14
C 830 0 8.2492e-14
C 832 0 8.2492e-14
C 834 0 8.2492e-14
C 836 0 8.2492e-14
C 838 0 8.2492e-14
C 840 0 8.2492e-14
C 842 0 8.2492e-14
C 844 0 8.2492e-14
C 846 0 8.2492e-14
C 848 0 8.2492e-14
C 850 0 8.2492e-14
C 852 0 8.2492e-14
C 854 0 8.2492e-14
C 856 0 8.2492e-14
C 858 0 8.2492e-14
C 860 0 8.2492e-14
C 862 0 8.2492e-14
C 864 0 8.2492e-14
C 866 0 8.2492e-14
C 868 0 8.2492e-14
C 870 0 8.2492e-14
C 872 0 8.2492e-14
C 874 0 8.2492e-14
C 876 0 8.2492e-14
C 878 0 8.2492e-14
C 880 0 8.2492e-14
C 882 0 8.2492e-14
C 884 0 8.2492e-14
C 886 0 8.2492e-14
C 888 0 8.2492e-14
C 890 0 8.2492e-14
C 892 0 8.2492e-14
C 894 0 8.2492e-14
C 896 0 8.2492e-14
C 898 0 8.2492e-14
C 900 0 8.2492e-14
C 902 0 8.2492e-14
C 904 0 8.2492e-14
C 906 0 8.2492e-14
C 908 0 8.2492e-14
C 910 0 8.2492e-14
C 912 0 8.2492e-14
C 914 0 8.2492e-14
C 916 0 8.2492e-14
C 918 0 8.2492e-14
C 920 0 8.2492e-14
C 922 0 8.2492e-14
C 924 0 8.2492e-14
C 926 0 8.2492e-14
C 928 0 8.2492e-14
C 930 0 8.2492e-14
C 932 0 8.2492e-14
C 934 0 8.2492e-14
C 936 0 8.2492e-14
C 938 0 8.2492e-14
C 940 0 8.2492e-14
C 942 0 8.2492e-14
C 944 0 8.2492e-14
C 946 0 8.2492e-14
C 948 0 8.2492e-14
C 950 0 8.2492e-14
C 952 0 8.2492e-14
C 954 0 8.2492e-14
C 956 0 8.2492e-14
C 958 0 8.2492e-14
C 960 0 8.2492e-14
C 962 0 8.2492e-14
C 964 0 8.2492e-14
C 966 0 8.2492e-14
C 968 0 8.2492e-14
C 970 0 8.2492e-14
C 972 0 8.2492e-14
C 974 0 8.2492e-14
C 976 0 8.2492e-14
C 978 0 8.2492e-14
C 980 0 8.2492e-14
C 982 0 8.2492e-14
C 984 0 8.2492e-14
C 986 0 8.2492e-14
C 988 0 8.2492e-14
C 990 0 8.2492e-14
C 992 0 8.2492e-14
C 994 0 8.2492e-14
C 996 0 8.2492e-14
C 998 0 8.2492e-14
C 1000 0 8.2492e-14
C 1002 0 8.2492e-14
C 1004 0 8.2492e-14
C 1006 0 8.2492e-14
C 1008 0 8.2492e-14
C 1010 0 8.2492e-14
C 1012 0 8.2492e-14
C 1014 0 8.2492e-14
C 1016 0 8.2492e-14
C 1018 0 8.2492e-14
C 1020 0 8.2492e-14
C 1022 0 8.2492e-14
C 1024 0 8.2492e-14
C 1026 0 8.2492e-14
C 1028 0 8.2492e-14
C 1030 0 8.2492e-14
C 1032 0 8.2492e-14
C 1034 0 8.2492e-14
C 1036 0 8.2492e-14
C 1038 0 8.2492e-14
C 1040 0 8.2492e-14
C 1042 0 8.2492e-14
C 1044 0 8.2492e-14
C 1046 0 8.2492e-14
C 1048 0 8.2492e-14
C 1050 0 8.2492e-14
C 1052 0 8.2492e-14
C 1054 0 8.2492e-14
C 1056 0 8.2492e-14
C 1058 0 8.2492e-14
C 1060 0 8.2492e-14
C 1062 0 8.2492e-14
C 1064 0 8.2492e-14
C 1066 0 8.2492e-14
C 1068 0 8.2492e-14
C 1070 0 8.2492e-14
C 1072 0 8.2492e-14
C 1074 0 8.2492e-14
C 1076 0 8.2492e-14
C 1078 0 8.2492e-14
C 1080 0 8.2492e-14
C 1082 0 8.2492e-14
C 1085 0 8.2492e-14
C 1087 0 8.2492e-14
C 1089 0 8.2492e-14
C 1091 0 8.2492e-14
C 1093 0 8.2492e-14
C 1095 0 8.2492e-14
C 1097 0 8.2492e-14
C 1099 0 8.2492e-14
C 1101 0 8.2492e-14
C 1103 0 8.2492e-14
C 1105 0 8.2492e-14
C 1107 0 8.2492e-14
C 1109 0 8.2492e-14
C 1111 0 8.2492e-14
C 1113 0 8.2492e-14
C 1115 0 8.2492e-14
C 1117 0 8.2492e-14
C 1119 0 8.2492e-14
C 1121 0 8.2492e-14
C 1123 0 8.2492e-14
C 1125 0 8.2492e-14
C 1127 0 8.2492e-14
C 1129 0 8.2492e-14
C 1131 0 8.2492e-14
C 1133 0 8.2492e-14
C 1135 0 8.2492e-14
C 1137 0 8.2492e-14
C 1139 0 8.2492e-14
C 1141 0 8.2492e-14
C 1143 0 8.2492e-14
C 1145 0 8.2492e-14
C 1147 0 8.2492e-14
C 1149 0 8.2492e-14
C 1151 0 8.2492e-14
C 1153 0 8.2492e-14
C 1155 0 8.2492e-14
C 1157 0 8.2492e-14
C 1159 0 8.2492e-14
C 1161 0 8.2492e-14
C 1163 0 8.2492e-14
C 1165 0 8.2492e-14
C 1167 0 8.2492e-14
C 1169 0 8.2492e-14
C 1171 0 8.2492e-14
C 1173 0 8.2492e-14
C 1175 0 8.2492e-14
C 1177 0 8.2492e-14
C 1179 0 8.2492e-14
C 1181 0 8.2492e-14
C 1183 0 8.2492e-14
C 1185 0 8.2492e-14
C 1187 0 8.2492e-14
C 1189 0 8.2492e-14
C 1191 0 8.2492e-14
C 1193 0 8.2492e-14
C 1195 0 8.2492e-14
C 1197 0 8.2492e-14
C 1199 0 8.2492e-14
C 1201 0 8.2492e-14
C 1203 0 8.2492e-14
C 1205 0 8.2492e-14
C 1207 0 8.2492e-14
C 1209 0 8.2492e-14
C 1211 0 8.2492e-14
C 1213 0 8.2492e-14
C 1215 0 8.2492e-14
C 1217 0 8.2492e-14
C 1219 0 8.2492e-14
C 1221 0 8.2492e-14
C 1223 0 8.2492e-14
C 1225 0 8.2492e-14
C 1227 0 8.2492e-14
C 1229 0 8.2492e-14
C 1231 0 8.2492e-14
C 1233 0 8.2492e-14
C 1235 0 8.2492e-14
C 1237 0 8.2492e-14
C 1239 0 8.2492e-14
C 1241 0 8.2492e-14
C 1243 0 8.2492e-14
C 1245 0 8.2492e-14
C 1247 0 8.2492e-14
C 1249 0 8.2492e-14
C 1251 0 8.2492e-14
C 1253 0 8.2492e-14
C 1255 0 8.2492e-14
C 1257 0 8.2492e-14
C 1259 0 8.2492e-14
C 1261 0 8.2492e-14
C 1263 0 8.2492e-14
C 1265 0 8.2492e-14
C 1267 0 8.2492e-14
C 1269 0 8.2492e-14
C 1271 0 8.2492e-14
C 1273 0 8.2492e-14
C 1275 0 8.2492e-14
C 1277 0 8.2492e-14
C 1279 0 8.2492e-14
C 1281 0 8.2492e-14
C 1283 0 8.2492e-14
C 1285 0 8.2492e-14
C 1287 0 8.2492e-14
C 1289 0 8.2492e-14
C 1291 0 8.2492e-14
C 1293 0 8.2492e-14
C 1295 0 8.2492e-14
C 1297 0 8.2492e-14
C 1299 0 8.2492e-14
C 1301 0 8.2492e-14
C 1303 0 8.2492e-14
C 1305 0 8.2492e-14
C 1307 0 8.2492e-14
C 1309 0 8.2492e-14
C 1311 0 8.2492e-14
C 1313 0 8.2492e-14
C 1315 0 8.2492e-14
C 1317 0 8.2492e-14
C 1319 0 8.2492e-14
C 1321 0 8.2492e-14
C 1323 0 8.2492e-14
C 1325 0 8.2492e-14
C 1327 0 8.2492e-14
C 1329 0 8.2492e-14
C 1331 0 8.2492e-14
C 1333 0 8.2492e-14
C 1335 0 8.2492e-14
C 1337 0 8.2492e-14
C 1339 0 8.2492e-14
C 1341 0 8.2492e-14
C 1343 0 8.2492e-14
C 1345 0 8.2492e-14
C 1347 0 8.2492e-14
C 1349 0 8.2492e-14
C 1351 0 8.2492e-14
C 1353 0 8.2492e-14
C 1355 0 8.2492e-14
C 1357 0 8.2492e-14
C 1359 0 8.2492e-14
C 1361 0 8.2492e-14
C 1363 0 8.2492e-14
C 1365 0 8.2492e-14
C 1367 0 8.2492e-14
C 1369 0 8.2492e-14
C 1371 0 8.2492e-14
C 1373 0 8.2492e-14
C 1375 0 8.2492e-14
C 1377 0 8.2492e-14
C 1379 0 8.2492e-14
C 1381 0 8.2492e-14
C 1383 0 8.2492e-14
C 1385 0 8.2492e-14
C 1387 0 8.2492e-14
C 1389 0 8.2492e-14
C 1391 0 8.2492e-14
C 1393 0 8.2492e-14
C 1395 0 8.2492e-14
C 1397 0 8.2492e-14
C 1399 0 8.2492e-14
C 1401 0 8.2492e-14
C 1403 0 8.2492e-14
C 1405 0 8.2492e-14
C 1407 0 8.2492e-14
C 1409 0 8.2492e-14
C 1411 0 8.2492e-14
C 1413 0 8.2492e-14
C 1415 0 8.2492e-14
C 1417 0 8.2492e-14
C 1419 0 8.2492e-14
C 1421 0 8.2492e-14
C 1423 0 8.2492e-14
C 1425 0 8.2492e-14
C 1427 0 8.2492e-14
C 1429 0 8.2492e-14
C 1431 0 8.2492e-14
C 1433 0 8.2492e-14
C 1435 0 8.2492e-14
C 1437 0 8.2492e-14
C 1439 0 8.2492e-14
C 1441 0 8.2492e-14
C 1443 0 8.2492e-14
C 1446 0 8.2492e-14
C 1448 0 8.2492e-14
C 1450 0 8.2492e-14
C 1452 0 8.2492e-14
C 1454 0 8.2492e-14
C 1456 0 8.2492e-14
C 1458 0 8.2492e-14
C 1460 0 8.2492e-14
C 1462 0 8.2492e-14
C 1464 0 8.2492e-14
C 1466 0 8.2492e-14
C 1468 0 8.2492e-14
C 1470 0 8.2492e-14
C 1472 0 8.2492e-14
C 1474 0 8.2492e-14
C 1476 0 8.2492e-14
C 1478 0 8.2492e-14
C 1480 0 8.2492e-14
C 1482 0 8.2492e-14
C 1484 0 8.2492e-14
C 1486 0 8.2492e-14
C 1488 0 8.2492e-14
C 1490 0 8.2492e-14
C 1492 0 8.2492e-14
C 1494 0 8.2492e-14
C 1496 0 8.2492e-14
C 1498 0 8.2492e-14
C 1500 0 8.2492e-14
C 1502 0 8.2492e-14
C 1504 0 8.2492e-14
C 1506 0 8.2492e-14
C 1508 0 8.2492e-14
C 1510 0 8.2492e-14
C 1512 0 8.2492e-14
C 1514 0 8.2492e-14
C 1516 0 8.2492e-14
C 1518 0 8.2492e-14
C 1520 0 8.2492e-14
C 1522 0 8.2492e-14
C 1524 0 8.2492e-14
C 1526 0 8.2492e-14
C 1528 0 8.2492e-14
C 1530 0 8.2492e-14
C 1532 0 8.2492e-14
C 1534 0 8.2492e-14
C 1536 0 8.2492e-14
C 1538 0 8.2492e-14
C 1540 0 8.2492e-14
C 1542 0 8.2492e-14
C 1544 0 8.2492e-14
C 1546 0 8.2492e-14
C 1548 0 8.2492e-14
C 1550 0 8.2492e-14
C 1552 0 8.2492e-14
C 1554 0 8.2492e-14
C 1556 0 8.2492e-14
C 1558 0 8.2492e-14
C 1560 0 8.2492e-14
C 1562 0 8.2492e-14
C 1564 0 8.2492e-14
C 1566 0 8.2492e-14
C 1568 0 8.2492e-14
C 1570 0 8.2492e-14
C 1572 0 8.2492e-14
C 1574 0 8.2492e-14
C 1576 0 8.2492e-14
C 1578 0 8.2492e-14
C 1580 0 8.2492e-14
C 1582 0 8.2492e-14
C 1584 0 8.2492e-14
C 1586 0 8.2492e-14
C 1588 0 8.2492e-14
C 1590 0 8.2492e-14
C 1592 0 8.2492e-14
C 1594 0 8.2492e-14
C 1596 0 8.2492e-14
C 1598 0 8.2492e-14
C 1600 0 8.2492e-14
C 1602 0 8.2492e-14
C 1604 0 8.2492e-14
C 1606 0 8.2492e-14
C 1608 0 8.2492e-14
C 1610 0 8.2492e-14
C 1612 0 8.2492e-14
C 1614 0 8.2492e-14
C 1616 0 8.2492e-14
C 1618 0 8.2492e-14
C 1620 0 8.2492e-14
C 1622 0 8.2492e-14
C 1624 0 8.2492e-14
C 1626 0 8.2492e-14
C 1628 0 8.2492e-14
C 1630 0 8.2492e-14
C 1632 0 8.2492e-14
C 1634 0 8.2492e-14
C 1636 0 8.2492e-14
C 1638 0 8.2492e-14
C 1640 0 8.2492e-14
C 1642 0 8.2492e-14
C 1644 0 8.2492e-14
C 1646 0 8.2492e-14
C 1648 0 8.2492e-14
C 1650 0 8.2492e-14
C 1652 0 8.2492e-14
C 1654 0 8.2492e-14
C 1656 0 8.2492e-14
C 1658 0 8.2492e-14
C 1660 0 8.2492e-14
C 1662 0 8.2492e-14
C 1664 0 8.2492e-14
C 1666 0 8.2492e-14
C 1668 0 8.2492e-14
C 1670 0 8.2492e-14
C 1672 0 8.2492e-14
C 1674 0 8.2492e-14
C 1676 0 8.2492e-14
C 1678 0 8.2492e-14
C 1680 0 8.2492e-14
C 1682 0 8.2492e-14
C 1684 0 8.2492e-14
C 1686 0 8.2492e-14
C 1688 0 8.2492e-14
C 1690 0 8.2492e-14
C 1692 0 8.2492e-14
C 1694 0 8.2492e-14
C 1696 0 8.2492e-14
C 1698 0 8.2492e-14
C 1700 0 8.2492e-14
C 1702 0 8.2492e-14
C 1704 0 8.2492e-14
C 1706 0 8.2492e-14
C 1708 0 8.2492e-14
C 1710 0 8.2492e-14
C 1712 0 8.2492e-14
C 1714 0 8.2492e-14
C 1716 0 8.2492e-14
C 1718 0 8.2492e-14
C 1720 0 8.2492e-14
C 1722 0 8.2492e-14
C 1724 0 8.2492e-14
C 1726 0 8.2492e-14
C 1728 0 8.2492e-14
C 1730 0 8.2492e-14
C 1732 0 8.2492e-14
C 1734 0 8.2492e-14
C 1736 0 8.2492e-14
C 1738 0 8.2492e-14
C 1740 0 8.2492e-14
C 1742 0 8.2492e-14
C 1744 0 8.2492e-14
C 1746 0 8.2492e-14
C 1748 0 8.2492e-14
C 1750 0 8.2492e-14
C 1752 0 8.2492e-14
C 1754 0 8.2492e-14
C 1756 0 8.2492e-14
C 1758 0 8.2492e-14
C 1760 0 8.2492e-14
C 1762 0 8.2492e-14
C 1764 0 8.2492e-14
C 1766 0 8.2492e-14
C 1768 0 8.2492e-14
C 1770 0 8.2492e-14
C 1772 0 8.2492e-14
C 1774 0 8.2492e-14
C 1776 0 8.2492e-14
C 1778 0 8.2492e-14
C 1780 0 8.2492e-14
C 1782 0 8.2492e-14
C 1784 0 8.2492e-14
C 1786 0 8.2492e-14
C 1788 0 8.2492e-14
C 1790 0 8.2492e-14
C 1792 0 8.2492e-14
C 1794 0 8.2492e-14
C 1796 0 8.2492e-14
C 1798 0 8.2492e-14
C 1800 0 8.2492e-14
C 1802 0 8.2492e-14
C 1804 0 8.2492e-14
C 1807 0 8.2492e-14
C 1809 0 8.2492e-14
C 1811 0 8.2492e-14
C 1813 0 8.2492e-14
C 1815 0 8.2492e-14
C 1817 0 8.2492e-14
C 1819 0 8.2492e-14
C 1821 0 8.2492e-14
C 1823 0 8.2492e-14
C 1825 0 8.2492e-14
C 1827 0 8.2492e-14
C 1829 0 8.2492e-14
C 1831 0 8.2492e-14
C 1833 0 8.2492e-14
C 1835 0 8.2492e-14
C 1837 0 8.2492e-14
C 1839 0 8.2492e-14
C 1841 0 8.2492e-14
C 1843 0 8.2492e-14
C 1845 0 8.2492e-14
C 1847 0 8.2492e-14
C 1849 0 8.2492e-14
C 1851 0 8.2492e-14
C 1853 0 8.2492e-14
C 1855 0 8.2492e-14
C 1857 0 8.2492e-14
C 1859 0 8.2492e-14
C 1861 0 8.2492e-14
C 1863 0 8.2492e-14
C 1865 0 8.2492e-14
C 1867 0 8.2492e-14
C 1869 0 8.2492e-14
C 1871 0 8.2492e-14
C 1873 0 8.2492e-14
C 1875 0 8.2492e-14
C 1877 0 8.2492e-14
C 1879 0 8.2492e-14
C 1881 0 8.2492e-14
C 1883 0 8.2492e-14
C 1885 0 8.2492e-14
C 1887 0 8.2492e-14
C 1889 0 8.2492e-14
C 1891 0 8.2492e-14
C 1893 0 8.2492e-14
C 1895 0 8.2492e-14
C 1897 0 8.2492e-14
C 1899 0 8.2492e-14
C 1901 0 8.2492e-14
C 1903 0 8.2492e-14
C 1905 0 8.2492e-14
C 1907 0 8.2492e-14
C 1909 0 8.2492e-14
C 1911 0 8.2492e-14
C 1913 0 8.2492e-14
C 1915 0 8.2492e-14
C 1917 0 8.2492e-14
C 1919 0 8.2492e-14
C 1921 0 8.2492e-14
C 1923 0 8.2492e-14
C 1925 0 8.2492e-14
C 1927 0 8.2492e-14
C 1929 0 8.2492e-14
C 1931 0 8.2492e-14
C 1933 0 8.2492e-14
C 1935 0 8.2492e-14
C 1937 0 8.2492e-14
C 1939 0 8.2492e-14
C 1941 0 8.2492e-14
C 1943 0 8.2492e-14
C 1945 0 8.2492e-14
C 1947 0 8.2492e-14
C 1949 0 8.2492e-14
C 1951 0 8.2492e-14
C 1953 0 8.2492e-14
C 1955 0 8.2492e-14
C 1957 0 8.2492e-14
C 1959 0 8.2492e-14
C 1961 0 8.2492e-14
C 1963 0 8.2492e-14
C 1965 0 8.2492e-14
C 1967 0 8.2492e-14
C 1969 0 8.2492e-14
C 1971 0 8.2492e-14
C 1973 0 8.2492e-14
C 1975 0 8.2492e-14
C 1977 0 8.2492e-14
C 1979 0 8.2492e-14
C 1981 0 8.2492e-14
C 1983 0 8.2492e-14
C 1985 0 8.2492e-14
C 1987 0 8.2492e-14
C 1989 0 8.2492e-14
C 1991 0 8.2492e-14
C 1993 0 8.2492e-14
C 1995 0 8.2492e-14
C 1997 0 8.2492e-14
C 1999 0 8.2492e-14
C 2001 0 8.2492e-14
C 2003 0 8.2492e-14
C 2005 0 8.2492e-14
C 2007 0 8.2492e-14
C 2009 0 8.2492e-14
C 2011 0 8.2492e-14
C 2013 0 8.2492e-14
C 2015 0 8.2492e-14
C 2017 0 8.2492e-14
C 2019 0 8.2492e-14
C 2021 0 8.2492e-14
C 2023 0 8.2492e-14
C 2025 0 8.2492e-14
C 2027 0 8.2492e-14
C 2029 0 8.2492e-14
C 2031 0 8.2492e-14
C 2033 0 8.2492e-14
C 2035 0 8.2492e-14
C 2037 0 8.2492e-14
C 2039 0 8.2492e-14
C 2041 0 8.2492e-14
C 2043 0 8.2492e-14
C 2045 0 8.2492e-14
C 2047 0 8.2492e-14
C 2049 0 8.2492e-14
C 2051 0 8.2492e-14
C 2053 0 8.2492e-14
C 2055 0 8.2492e-14
C 2057 0 8.2492e-14
C 2059 0 8.2492e-14
C 2061 0 8.2492e-14
C 2063 0 8.2492e-14
C 2065 0 8.2492e-14
C 2067 0 8.2492e-14
C 2069 0 8.2492e-14
C 2071 0 8.2492e-14
C 2073 0 8.2492e-14
C 2075 0 8.2492e-14
C 2077 0 8.2492e-14
C 2079 0 8.2492e-14
C 2081 0 8.2492e-14
C 2083 0 8.2492e-14
C 2085 0 8.2492e-14
C 2087 0 8.2492e-14
C 2089 0 8.2492e-14
C 2091 0 8.2492e-14
C 2093 0 8.2492e-14
C 2095 0 8.2492e-14
C 2097 0 8.2492e-14
C 2099 0 8.2492e-14
C 2101 0 8.2492e-14
C 2103 0 8.2492e-14
C 2105 0 8.2492e-14
C 2107 0 8.2492e-14
C 2109 0 8.2492e-14
C 2111 0 8.2492e-14
C 2113 0 8.2492e-14
C 2115 0 8.2492e-14
C 2117 0 8.2492e-14
C 2119 0 8.2492e-14
C 2121 0 8.2492e-14
C 2123 0 8.2492e-14
C 2125 0 8.2492e-14
C 2127 0 8.2492e-14
C 2129 0 8.2492e-14
C 2131 0 8.2492e-14
C 2133 0 8.2492e-14
C 2135 0 8.2492e-14
C 2137 0 8.2492e-14
C 2139 0 8.2492e-14
C 2141 0 8.2492e-14
C 2143 0 8.2492e-14
C 2145 0 8.2492e-14
C 2147 0 8.2492e-14
C 2149 0 8.2492e-14
C 2151 0 8.2492e-14
C 2153 0 8.2492e-14
C 2155 0 8.2492e-14
C 2157 0 8.2492e-14
C 2159 0 8.2492e-14
C 2161 0 8.2492e-14
C 2163 0 8.2492e-14
C 2165 0 8.2492e-14
C 1 0 1e-12
C 362 0 1e-12
C 722 0 0.5e-12
C 1082 0 1e-12
C 1083 0 1e-12
C 1443 0 1e-12
C 2167 0 1e-12
C 1804 0 0.5e-12
C 1805 0 2e-12
L 2 3 3.01834e-10
L 4 5 3.01834e-10
L 6 7 3.01834e-10
L 8 9 3.01834e-10
L 10 11 3.01834e-10
L 12 13 3.01834e-10
L 14 15 3.01834e-10
L 16 17 3.01834e-10
L 18 19 3.01834e-10
L 20 21 3.01834e-10
L 22 23 3.01834e-10
L 24 25 3.01834e-10
L 26 27 3.01834e-10
L 28 29 3.01834e-10
L 30 31 3.01834e-10
L 32 33 3.01834e-10
L 34 35 3.01834e-10
L 36 37 3.01834e-10
L 38 39 3.01834e-10
L 40 41 3.01834e-10
L 42 43 3.01834e-10
L 44 45 3.01834e-10
L 46 47 3.01834e-10
L 48 49 3.01834e-10
L 50 51 3.01834e-10
L 52 53 3.01834e-10
L 54 55 3.01834e-10
L 56 57 3.01834e-10
L 58 59 3.01834e-10
L 60 61 3.01834e-10
L 62 63 3.01834e-10
L 64 65 3.01834e-10
L 66 67 3.01834e-10
L 68 69 3.01834e-10
L 70 71 3.01834e-10
L 72 73 3.01834e-10
L 74 75 3.01834e-10
L 76 77 3.01834e-10
L 78 79 3.01834e-10
L 80 81 3.01834e-10
L 82 83 3.01834e-10
L 84 85 3.01834e-10
L 86 87 3.01834e-10
L 88 89 3.01834e-10
L 90 91 3.01834e-10
L 92 93 3.01834e-10
L 94 95 3.01834e-10
L 96 97 3.01834e-10
L 98 99 3.01834e-10
L 100 101 3.01834e-10
L 102 103 3.01834e-10
L 104 105 3.01834e-10
L 106 107 3.01834e-10
L 108 109 3.01834e-10
L 110 111 3.01834e-10
L 112 113 3.01834e-10
L 114 115 3.01834e-10
L 116 117 3.01834e-10
L 118 119 3.01834e-10
L 120 121 3.01834e-10
L 122 123 3.01834e-10
L 124 125 3.01834e-10
L 126 127 3.01834e-10
L 128 129 3.01834e-10
L 130 131 3.01834e-10
L 132 133 3.01834e-10
L 134 135 3.01834e-10
L 136 137 3.01834e-10
L 138 139 3.01834e-10
L 140 141 3.01834e-10
L 142 143 3.01834e-10
L 144 145 3.01834e-10
L 146 147 3.01834e-10
L 148 149 3.01834e-10
L 150 151 3.01834e-10
L 152 153 3.01834e-10
L 154 155 3.01834e-10
L 156 157 3.01834e-10
L 158 159 3.01834e-10
L 160 161 3.01834e-10
L 162 163 3.01834e-10
L 164 165 3.01834e-10
L 166 167 3.01834e-10
L 168 169 3.01834e-10
L 170 171 3.01834e-10
L 172 173 3.01834e-10
L 174 175 3.01834e-10
L 176 177 3.01834e-10
L 178 179 3.01834e-10
L 180 181 3.01834e-10
L 182 183 3.01834e-10
L 184 185 3.01834e-10
L 186 187 3.01834e-10
L 188 189 3.01834e-10
L 190 191 3.01834e-10
L 192 193 3.01834e-10
L 194 195 3.01834e-10
L 196 197 3.01834e-10
L 198 199 3.01834e-10
L 200 201 3.01834e-10
L 202 203 3.01834e-10
L 204 205 3.01834e-10
L 206 207 3.01834e-10
L 208 209 3.01834e-10
L 210 211 3.01834e-10
L 212 213 3.01834e-10
L 214 215 3.01834e-10
L 216 217 3.01834e-10
L 218 219 3.01834e-10
L 220 221 3.01834e-10
L 222 223 3.01834e-10
L 224 225 3.01834e-10
L 226 227 3.01834e-10
L 228 229 3.01834e-10
L 230 231 3.01834e-10
L 232 233 3.01834e-10
L 234 235 3.01834e-10
L 236 237 3.01834e-10
L 238 239 3.01834e-10
L 240 241 3.01834e-10
L 242 243 3.01834e-10
L 244 245 3.01834e-10
L 246 247 3.01834e-10
L 248 249 3.01834e-10
L 250 251 3.01834e-10
L 252 253 3.01834e-10
L 254 255 3.01834e-10
L 256 257 3.01834e-10
L 258 259 3.01834e-10
L 260 261 3.01834e-10
L 262 263 3.01834e-10
L 264 265 3.01834e-10
L 266 267 3.01834e-10
L 268 269 3.01834e-10
L 270 271 3.01834e-10
L 272 273 3.01834e-10
L 274 275 3.01834e-10
L 276 277 3.01834e-10
L 278 279 3.01834e-10
L 280 281 3.01834e-10
L 282 283 3.01834e-10
L 284 285 3.01834e-10
L 286 287 3.01834e-10
L 288 289 3.01834e-10
L 290 291 3.01834e-10
L 292 293 3.01834e-10
L 294 295 3.01834e-10
L 296 297 3.01834e-10
L 298 299 3.01834e-10
L 300 301 3.01834e-10
L 302 303 3.01834e-10
L 304 305 3.01834e-10
L 306 307 3.01834e-10
L 308 309 3.01834e-10
L 310 311 3.01834e-10
L 312 313 3.01834e-10
L 314 315 3.01834e-10
L 316 317 3.01834e-10
L 318 319 3.01834e-10
L 320 321 3.01834e-10
L 322 323 3.01834e-10
L 324 325 3.01834e-10
L 326 327 3.01834e-10
L 328 329 3.01834e-10
L 330 331 3.01834e-10
L 332 333 3.01834e-10
L 334 335 3.01834e-10
L 336 337 3.01834e-10
L 338 339 3.01834e-10
L 340 341 3.01834e-10
L 342 343 3.01834e-10
L 344 345 3.01834e-10
L 346 347 3.01834e-10
L 348 349 3.01834e-10
L 350 351 3.01834e-10
L 352 353 3.01834e-10
L 354 355 3.01834e-10
L 356 357 3.01834e-10
L 358 359 3.01834e-10
L 360 361 3.01834e-10
L 363 364 3.01834e-10
L 365 366 3.01834e-10
L 367 368 3.01834e-10
L 369 370 3.01834e-10
L 371 372 3.01834e-10
L 373 374 3.01834e-10
L 375 376 3.01834e-10
L 377 378 3.01834e-10
L 379 380 3.01834e-10
L 381 382 3.01834e-10
L 383 384 3.01834e-10
L 385 386 3.01834e-10
L 387 388 3.01834e-10
L 389 390 3.01834e-10
L 391 392 3.01834e-10
L 393 394 3.01834e-10
L 395 396 3.01834e-10
L 397 398 3.01834e-10
L 399 400 3.01834e-10
L 401 402 3.01834e-10
L 403 404 3.01834e-10
L 405 406 3.01834e-10
L 407 408 3.01834e-10
L 409 410 3.01834e-10
L 411 412 3.01834e-10
L 413 414 3.01834e-10
L 415 416 3.01834e-10
L 417 418 3.01834e-10
L 419 420 3.01834e-10
L 421 422 3.01834e-10
L 423 424 3.01834e-10
L 425 426 3.01834e-10
L 427 428 3.01834e-10
L 429 430 3.01834e-10
L 431 432 3.01834e-10
L 433 434 3.01834e-10
L 435 436 3.01834e-10
L 437 438 3.01834e-10
L 439 440 3.01834e-10
L 441 442 3.01834e-10
L 443 444 3.01834e-10
L 445 446 3.01834e-10
L 447 448 3.01834e-10
L 449 450 3.01834e-10
L 451 452 3.01834e-10
L 453 454 3.01834e-10
L 455 456 3.01834e-10
L 457 458 3.01834e-10
L 459 460 3.01834e-10
L 461 462 3.01834e-10
L 463 464 3.01834e-10
L 465 466 3.01834e-10
L 467 468 3.01834e-10
L 469 470 3.01834e-10
L 471 472 3.01834e-10
L 473 474 3.01834e-10
L 475 476 3.01834e-10
L 477 478 3.01834e-10
L 479 480 3.01834e-10
L 481 482 3.01834e-10
L 483 484 3.01834e-10
L 485 486 3.01834e-10
L 487 488 3.01834e-10
L 489 490 3.01834e-10
L 491 492 3.01834e-10
L 493 494 3.01834e-10
L 495 496 3.01834e-10
L 497 498 3.01834e-10
L 499 500 3.01834e-10
L 501 502 3.01834e-10
L 503 504 3.01834e-10
L 505 506 3.01834e-10
L 507 508 3.01834e-10
L 509 510 3.01834e-10
L 511 512 3.01834e-10
L 513 514 3.01834e-10
L 515 516 3.01834e-10
L 517 518 3.01834e-10
L 519 520 3.01834e-10
L 521 522 3.01834e-10
L 523 524 3.01834e-10
L 525 526 3.01834e-10
L 527 528 3.01834e-10
L 529 530 3.01834e-10
L 531 532 3.01834e-10
L 533 534 3.01834e-10
L 535 536 3.01834e-10
L 537 538 3.01834e-10
L 539 540 3.01834e-10
L 541 542 3.01834e-10
L 543 544 3.01834e-10
L 545 546 3.01834e-10
L 547 548 3.01834e-10
L 549 550 3.01834e-10
L 551 552 3.01834e-10
L 553 554 3.01834e-10
L 555 556 3.01834e-10
L 557 558 3.01834e-10
L 559 560 3.01834e-10
L 561 562 3.01834e-10
L 563 564 3.01834e-10
L 565 566 3.01834e-10
L 567 568 3.01834e-10
L 569 570 3.01834e-10
L 571 572 3.01834e-10
L 573 574 3.01834e-10
L 575 576 3.01834e-10
L 577 578 3.01834e-10
L 579 580 3.01834e-10
L 581 582 3.01834e-10
L 583 584 3.01834e-10
L 585 586 3.01834e-10
L 587 588 3.01834e-10
L 589 590 3.01834e-10
L 591 592 3.01834e-10
L 593 594 3.01834e-10
L 595 596 3.01834e-10
L 597 598 3.01834e-10
L 599 600 3.01834e-10
L 601 602 3.01834e-10
L 603 604 3.01834e-10
L 605 606 3.01834e-10
L 607 608 3.01834e-10
L 609 610 3.01834e-10
L 611 612 3.01834e-10
L 613 614 3.01834e-10
L 615 616 3.01834e-10
L 617 618 3.01834e-10
L 619 620 3.01834e-10
L 621 622 3.01834e-10
L 623 624 3.01834e-10
L 625 626 3.01834e-10
L 627 628 3.01834e-10
L 629 630 3.01834e-10
L 631 632 3.01834e-10
L 633 634 3.01834e-10
L 635 636 3.01834e-10
L 637 638 3.01834e-10
L 639 640 3.01834e-10
L 641 642 3.01834e-10
L 643 644 3.01834e-10
L 645 646 3.01834e-10
L 647 648 3.01834e-10
L 649 650 3.01834e-10
L 651 652 3.01834e-10
L 653 654 3.01834e-10
L 655 656 3.01834e-10
L 657 658 3.01834e-10
L 659 660 3.01834e-10
L 661 662 3.01834e-10
L 663 664 3.01834e-10
L 665 666 3.01834e-10
L 667 668 3.01834e-10
L 669 670 3.01834e-10
L 671 672 3.01834e-10
L 673 674 3.01834e-10
L 675 676 3.01834e-10
L 677 678 3.01834e-10
L 679 680 3.01834e-10
L 681 682 3.01834e-10
L 683 684 3.01834e-10
L 685 686 3.01834e-10
L 687 688 3.01834e-10
L 689 690 3.01834e-10
L 691 692 3.01834e-10
L 693 694 3.01834e-10
L 695 696 3.01834e-10
L 697 698 3.01834e-10
L 699 700 3.01834e-10
L 701 702 3.01834e-10
L 703 704 3.01834e-10
L 705 706 3.01834e-10
L 707 708 3.01834e-10
L 709 710 3.01834e-10
L 711 712 3.01834e-10
L 713 714 3.01834e-10
L 715 716 3.01834e-10
L 717 718 3.01834e-10
L 719 720 3.01834e-10
L 721 722 3.01834e-10
L 723 724 3.01834e-10
L 725 726 3.01834e-10
L 727 728 3.01834e-10
L 729 730 3.01834e-10
L 731 732 3.01834e-10
L 733 734 3.01834e-10
L 735 736 3.01834e-10
L 737 738 3.01834e-10
L 739 740 3.01834e-10
L 741 742 3.01834e-10
L 743 744 3.01834e-10
L 745 746 3.01834e-10
L 747 748 3.01834e-10
L 749 750 3.01834e-10
L 751 752 3.01834e-10
L 753 754 3.01834e-10
L 755 756 3.01834e-10
L 757 758 3.01834e-10
L 759 760 3.01834e-10
L 761 762 3.01834e-10
L 763 764 3.01834e-10
L 765 766 3.01834e-10
L 767 768 3.01834e-10
L 769 770 3.01834e-10
L 771 772 3.01834e-10
L 773 774 3.01834e-10
L 775 776 3.01834e-10
L 777 778 3.01834e-10
L 779 780 3.01834e-10
L 781 782 3.01834e-10
L 783 784 3.01834e-10
L 785 786 3.01834e-10
L 787 788 3.01834e-10
L 789 790 3.01834e-10
L 791 792 3.01834e-10
L 793 794 3.01834e-10
L 795 796 3.01834e-10
L 797 798 3.01834e-10
L 799 800 3.01834e-10
L 801 802 3.01834e-10
L 803 804 3.01834e-10
L 805 806 3.01834e-10
L 807 808 3.01834e-10
L 809 810 3.01834e-10
L 811 812 3.01834e-10
L 813 814 3.01834e-10
L 815 816 3.01834e-10
L 817 818 3.01834e-10
L 819 820 3.01834e-10
L 821 822 3.01834e-10
L 823 824 3.01834e-10
L 825 826 3.01834e-10
L 827 828 3.01834e-10
L 829 830 3.01834e-10
L 831 832 3.01834e-10
L 833 834 3.01834e-10
L 835 836 3.01834e-10
L 837 838 3.01834e-10
L 839 840 3.01834e-10
L 841 842 3.01834e-10
L 843 844 3.01834e-10
L 845 846 3.01834e-10
L 847 848 3.01834e-10
L 849 850 3.01834e-10
L 851 852 3.01834e-10
L 853 854 3.01834e-10
L 855 856 3.01834e-10
L 857 858 3.01834e-10
L 859 860 3.01834e-10
L 861 862 3.01834e-10
L 863 864 3.01834e-10
L 865 866 3.01834e-10
L 867 868 3.01834e-10
L 869 870 3.01834e-10
L 871 872 3.01834e-10
L 873 874 3.01834e-10
L 875 876 3.01834e-10
L 877 878 3.01834e-10
L 879 880 3.01834e-10
L 881 882 3.01834e-10
L 883 884 3.01834e-10
L 885 886 3.01834e-10
L 887 888 3.01834e-10
L 889 890 3.01834e-10
L 891 892 3.01834e-10
L 893 894 3.01834e-10
L 895 896 3.01834e-10
L 897 898 3.01834e-10
L 899 900 3.01834e-10
L 901 902 3.01834e-10
L 903 904 3.01834e-10
L 905 906 3.01834e-10
L 907 908 3.01834e-10
L 909 910 3.01834e-10
L 911 912 3.01834e-10
L 913 914 3.01834e-10
L 915 916 3.01834e-10
L 917 918 3.01834e-10
L 919 920 3.01834e-10
L 921 922 3.01834e-10
L 923 924 3.01834e-10
L 925 926 3.01834e-10
L 927 928 3.01834e-10
L 929 930 3.01834e-10
L 931 932 3.01834e-10
L 933 934 3.01834e-10
L 935 936 3.01834e-10
L 937 938 3.01834e-10
L 939 940 3.01834e-10
L 941 942 3.01834e-10
L 943 944 3.01834e-10
L 945 946 3.01834e-10
L 947 948 3.01834e-10
L 949 950 3.01834e-10
L 951 952 3.01834e-10
L 953 954 3.01834e-10
L 955 956 3.01834e-10
L 957 958 3.01834e-10
L 959 960 3.01834e-10
L 961 962 3.01834e-10
L 963 964 3.01834e-10
L 965 966 3.01834e-10
L 967 968 3.01834e-10
L 969 970 3.01834e-10
L 971 972 3.01834e-10
L 973 974 3.01834e-10
L 975 976 3.01834e-10
L 977 978 3.01834e-10
L 979 980 3.01834e-10
L 981 982 3.01834e-10
L 983 984 3.01834e-10
L 985 986 3.01834e-10
L 987 988 3.01834e-10
L 989 990 3.01834e-10
L 991 992 3.01834e-10
L 993 994 3.01834e-10
L 995 996 3.01834e-10
L 997 998 3.01834e-10
L 999 1000 3.01834e-10
L 1001 1002 3.01834e-10
L 1003 1004 3.01834e-10
L 1005 1006 3.01834e-10
L 1007 1008 3.01834e-10
L 1009 1010 3.01834e-10
L 1011 1012 3.01834e-10
L 1013 1014 3.01834e-10
L 1015 1016 3.01834e-10
L 1017 1018 3.01834e-10
L 1019 1020 3.01834e-10
L 1021 1022 3.01834e-10
L 1023 1024 3.01834e-10
L 1025 1026 3.01834e-10
L 1027 1028 3.01834e-10
L 1029 1030 3.01834e-10
L 1031 1032 3.01834e-10
L 1033 1034 3.01834e-10
L 1035 1036 3.01834e-10
L 1037 1038 3.01834e-10
L 1039 1040 3.01834e-10
L 1041 1042 3.01834e-10
L 1043 1044 3.01834e-10
L 1045 1046 3.01834e-10
L 1047 1048 3.01834e-10
L 1049 1050 3.01834e-10
L 1051 1052 3.01834e-10
L 1053 1054 3.01834e-10
L 1055 1056 3.01834e-10
L 1057 1058 3.01834e-10
L 1059 1060 3.01834e-10
L 1061 1062 3.01834e-10
L 1063 1064 3.01834e-10
L 1065 1066 3.01834e-10
L 1067 1068 3.01834e-10
L 1069 1070 3.01834e-10
L 1071 1072 3.01834e-10
L 1073 1074 3.01834e-10
L 1075 1076 3.01834e-10
L 1077 1078 3.01834e-10
L 1079 1080 3.01834e-10
L 1081 1082 3.01834e-10
L 1084 1085 3.01834e-10
L 1086 1087 3.01834e-10
L 1088 1089 3.01834e-10
L 1090 1091 3.01834e-10
L 1092 1093 3.01834e-10
L 1094 1095 3.01834e-10
L 1096 1097 3.01834e-10
L 1098 1099 3.01834e-10
L 1100 1101 3.01834e-10
L 1102 1103 3.01834e-10
L 1104 1105 3.01834e-10
L 1106 1107 3.01834e-10
L 1108 1109 3.01834e-10
L 1110 1111 3.01834e-10
L 1112 1113 3.01834e-10
L 1114 1115 3.01834e-10
L 1116 1117 3.01834e-10
L 1118 1119 3.01834e-10
L 1120 1121 3.01834e-10
L 1122 1123 3.01834e-10
L 1124 1125 3.01834e-10
L 1126 1127 3.01834e-10
L 1128 1129 3.01834e-10
L 1130 1131 3.01834e-10
L 1132 1133 3.01834e-10
L 1134 1135 3.01834e-10
L 1136 1137 3.01834e-10
L 1138 1139 3.01834e-10
L 1140 1141 3.01834e-10
L 1142 1143 3.01834e-10
L 1144 1145 3.01834e-10
L 1146 1147 3.01834e-10
L 1148 1149 3.01834e-10
L 1150 1151 3.01834e-10
L 1152 1153 3.01834e-10
L 1154 1155 3.01834e-10
L 1156 1157 3.01834e-10
L 1158 1159 3.01834e-10
L 1160 1161 3.01834e-10
L 1162 1163 3.01834e-10
L 1164 1165 3.01834e-10
L 1166 1167 3.01834e-10
L 1168 1169 3.01834e-10
L 1170 1171 3.01834e-10
L 1172 1173 3.01834e-10
L 1174 1175 3.01834e-10
L 1176 1177 3.01834e-10
L 1178 1179 3.01834e-10
L 1180 1181 3.01834e-10
L 1182 1183 3.01834e-10
L 1184 1185 3.01834e-10
L 1186 1187 3.01834e-10
L 1188 1189 3.01834e-10
L 1190 1191 3.01834e-10
L 1192 1193 3.01834e-10
L 1194 1195 3.01834e-10
L 1196 1197 3.01834e-10
L 1198 1199 3.01834e-10
L 1200 1201 3.01834e-10
L 1202 1203 3.01834e-10
L 1204 1205 3.01834e-10
L 1206 1207 3.01834e-10
L 1208 1209 3.01834e-10
L 1210 1211 3.01834e-10
L 1212 1213 3.01834e-10
L 1214 1215 3.01834e-10
L 1216 1217 3.01834e-10
L 1218 1219 3.01834e-10
L 1220 1221 3.01834e-10
L 1222 1223 3.01834e-10
L 1224 1225 3.01834e-10
L 1226 1227 3.01834e-10
L 1228 1229 3.01834e-10
L 1230 1231 3.01834e-10
L 1232 1233 3.01834e-10
L 1234 1235 3.01834e-10
L 1236 1237 3.01834e-10
L 1238 1239 3.01834e-10
L 1240 1241 3.01834e-10
L 1242 1243 3.01834e-10
L 1244 1245 3.01834e-10
L 1246 1247 3.01834e-10
L 1248 1249 3.01834e-10
L 1250 1251 3.01834e-10
L 1252 1253 3.01834e-10
L 1254 1255 3.01834e-10
L 1256 1257 3.01834e-10
L 1258 1259 3.01834e-10
L 1260 1261 3.01834e-10
L 1262 1263 3.01834e-10
L 1264 1265 3.01834e-10
L 1266 1267 3.01834e-10
L 1268 1269 3.01834e-10
L 1270 1271 3.01834e-10
L 1272 1273 3.01834e-10
L 1274 1275 3.01834e-10
L 1276 1277 3.01834e-10
L 1278 1279 3.01834e-10
L 1280 1281 3.01834e-10
L 1282 1283 3.01834e-10
L 1284 1285 3.01834e-10
L 1286 1287 3.01834e-10
L 1288 1289 3.01834e-10
L 1290 1291 3.01834e-10
L 1292 1293 3.01834e-10
L 1294 1295 3.01834e-10
L 1296 1297 3.01834e-10
L 1298 1299 3.01834e-10
L 1300 1301 3.01834e-10
L 1302 1303 3.01834e-10
L 1304 1305 3.01834e-10
L 1306 1307 3.01834e-10
L 1308 1309 3.01834e-10
L 1310 1311 3.01834e-10
L 1312 1313 3.01834e-10
L 1314 1315 3.01834e-10
L 1316 1317 3.01834e-10
L 1318 1319 3.01834e-10
L 1320 1321 3.01834e-10
L 1322 1323 3.01834e-10
L 1324 1325 3.01834e-10
L 1326 1327 3.01834e-10
L 1328 1329 3.01834e-10
L 1330 1331 3.01834e-10
L 1332 1333 3.01834e-10
L 1334 1335 3.01834e-10
L 1336 1337 3.01834e-10
L 1338 1339 3.01834e-10
L 1340 1341 3.01834e-10
L 1342 1343 3.01834e-10
L 1344 1345 3.01834e-10
L 1346 1347 3.01834e-10
L 1348 1349 3.01834e-10
L 1350 1351 3.01834e-10
L 1352 1353 3.01834e-10
L 1354 1355 3.01834e-10
L 1356 1357 3.01834e-10
L 1358 1359 3.01834e-10
L 1360 1361 3.01834e-10
L 1362 1363 3.01834e-10
L 1364 1365 3.01834e-10
L 1366 1367 3.01834e-10
L 1368 1369 3.01834e-10
L 1370 1371 3.01834e-10
L 1372 1373 3.01834e-10
L 1374 1375 3.01834e-10
L 1376 1377 3.01834e-10
L 1378 1379 3.01834e-10
L 1380 1381 3.01834e-10
L 1382 1383 3.01834e-10
L 1384 1385 3.01834e-10
L 1386 1387 3.01834e-10
L 1388 1389 3.01834e-10
L 1390 1391 3.01834e-10
L 1392 1393 3.01834e-10
L 1394 1395 3.01834e-10
L 1396 1397 3.01834e-10
L 1398 1399 3.01834e-10
L 1400 1401 3.01834e-10
L 1402 1403 3.01834e-10
L 1404 1405 3.01834e-10
L 1406 1407 3.01834e-10
L 1408 1409 3.01834e-10
L 1410 1411 3.01834e-10
L 1412 1413 3.01834e-10
L 1414 1415 3.01834e-10
L 1416 1417 3.01834e-10
L 1418 1419 3.01834e-10
L 1420 1421 3.01834e-10
L 1422 1423 3.01834e-10
L 1424 1425 3.01834e-10
L 1426 1427 3.01834e-10
L 1428 1429 3.01834e-10
L 1430 1431 3.01834e-10
L 1432 1433 3.01834e-10
L 1434 1435 3.01834e-10
L 1436 1437 3.01834e-10
L 1438 1439 3.01834e-10
L 1440 1441 3.01834e-10
L 1442 1443 3.01834e-10
L 1445 1446 3.01834e-10
L 1447 1448 3.01834e-10
L 1449 1450 3.01834e-10
L 1451 1452 3.01834e-10
L 1453 1454 3.01834e-10
L 1455 1456 3.01834e-10
L 1457 1458 3.01834e-10
L 1459 1460 3.01834e-10
L 1461 1462 3.01834e-10
L 1463 1464 3.01834e-10
L 1465 1466 3.01834e-10
L 1467 1468 3.01834e-10
L 1469 1470 3.01834e-10
L 1471 1472 3.01834e-10
L 1473 1474 3.01834e-10
L 1475 1476 3.01834e-10
L 1477 1478 3.01834e-10
L 1479 1480 3.01834e-10
L 1481 1482 3.01834e-10
L 1483 1484 3.01834e-10
L 1485 1486 3.01834e-10
L 1487 1488 3.01834e-10
L 1489 1490 3.01834e-10
L 1491 1492 3.01834e-10
L 1493 1494 3.01834e-10
L 1495 1496 3.01834e-10
L 1497 1498 3.01834e-10
L 1499 1500 3.01834e-10
L 1501 1502 3.01834e-10
L 1503 1504 3.01834e-10
L 1505 1506 3.01834e-10
L 1507 1508 3.01834e-10
L 1509 1510 3.01834e-10
L 1511 1512 3.01834e-10
L 1513 1514 3.01834e-10
L 1515 1516 3.01834e-10
L 1517 1518 3.01834e-10
L 1519 1520 3.01834e-10
L 1521 1522 3.01834e-10
L 1523 1524 3.01834e-10
L 1525 1526 3.01834e-10
L 1527 1528 3.01834e-10
L 1529 1530 3.01834e-10
L 1531 1532 3.01834e-10
L 1533 1534 3.01834e-10
L 1535 1536 3.01834e-10
L 1537 1538 3.01834e-10
L 1539 1540 3.01834e-10
L 1541 1542 3.01834e-10
L 1543 1544 3.01834e-10
L 1545 1546 3.01834e-10
L 1547 1548 3.01834e-10
L 1549 1550 3.01834e-10
L 1551 1552 3.01834e-10
L 1553 1554 3.01834e-10
L 1555 1556 3.01834e-10
L 1557 1558 3.01834e-10
L 1559 1560 3.01834e-10
L 1561 1562 3.01834e-10
L 1563 1564 3.01834e-10
L 1565 1566 3.01834e-10
L 1567 1568 3.01834e-10
L 1569 1570 3.01834e-10
L 1571 1572 3.01834e-10
L 1573 1574 3.01834e-10
L 1575 1576 3.01834e-10
L 1577 1578 3.01834e-10
L 1579 1580 3.01834e-10
L 1581 1582 3.01834e-10
L 1583 1584 3.01834e-10
L 1585 1586 3.01834e-10
L 1587 1588 3.01834e-10
L 1589 1590 3.01834e-10
L 1591 1592 3.01834e-10
L 1593 1594 3.01834e-10
L 1595 1596 3.01834e-10
L 1597 1598 3.01834e-10
L 1599 1600 3.01834e-10
L 1601 1602 3.01834e-10
L 1603 1604 3.01834e-10
L 1605 1606 3.01834e-10
L 1607 1608 3.01834e-10
L 1609 1610 3.01834e-10
L 1611 1612 3.01834e-10
L 1613 1614 3.01834e-10
L 1615 1616 3.01834e-10
L 1617 1618 3.01834e-10
L 1619 1620 3.01834e-10
L 1621 1622 3.01834e-10
L 1623 1624 3.01834e-10
L 1625 1626 3.01834e-10
L 1627 1628 3.01834e-10
L 1629 1630 3.01834e-10
L 1631 1632 3.01834e-10
L 1633 1634 3.01834e-10
L 1635 1636 3.01834e-10
L 1637 1638 3.01834e-10
L 1639 1640 3.01834e-10
L 1641 1642 3.01834e-10
L 1643 1644 3.01834e-10
L 1645 1646 3.01834e-10
L 1647 1648 3.01834e-10
L 1649 1650 3.01834e-10
L 1651 1652 3.01834e-10
L 1653 1654 3.01834e-10
L 1655 1656 3.01834e-10
L 1657 1658 3.01834e-10
L 1659 1660 3.01834e-10
L 1661 1662 3.01834e-10
L 1663 1664 3.01834e-10
L 1665 1666 3.01834e-10
L 1667 1668 3.01834e-10
L 1669 1670 3.01834e-10
L 1671 1672 3.01834e-10
L 1673 1674 3.01834e-10
L 1675 1676 3.01834e-10
L 1677 1678 3.01834e-10
L 1679 1680 3.01834e-10
L 1681 1682 3.01834e-10
L 1683 1684 3.01834e-10
L 1685 1686 3.01834e-10
L 1687 1688 3.01834e-10
L 1689 1690 3.01834e-10
L 1691 1692 3.01834e-10
L 1693 1694 3.01834e-10
L 1695 1696 3.01834e-10
L 1697 1698 3.01834e-10
L 1699 1700 3.01834e-10
L 1701 1702 3.01834e-10
L 1703 1704 3.01834e-10
L 1705 1706 3.01834e-10
L 1707 1708 3.01834e-10
L 1709 1710 3.01834e-10
L 1711 1712 3.01834e-10
L 1713 1714 3.01834e-10
L 1715 1716 3.01834e-10
L 1717 1718 3.01834e-10
L 1719 1720 3.01834e-10
L 1721 1722 3.01834e-10
L 1723 1724 3.01834e-10
L 1725 1726 3.01834e-10
L 1727 1728 3.01834e-10
L 1729 1730 3.01834e-10
L 1731 1732 3.01834e-10
L 1733 1734 3.01834e-10
L 1735 1736 3.01834e-10
L 1737 1738 3.01834e-10
L 1739 1740 3.01834e-10
L 1741 1742 3.01834e-10
L 1743 1744 3.01834e-10
L 1745 1746 3.01834e-10
L 1747 1748 3.01834e-10
L 1749 1750 3.01834e-10
L 1751 1752 3.01834e-10
L 1753 1754 3.01834e-10
L 1755 1756 3.01834e-10
L 1757 1758 3.01834e-10
L 1759 1760 3.01834e-10
L 1761 1762 3.01834e-10
L 1763 1764 3.01834e-10
L 1765 1766 3.01834e-10
L 1767 1768 3.01834e-10
L 1769 1770 3.01834e-10
L 1771 1772 3.01834e-10
L 1773 1774 3.01834e-10
L 1775 1776 3.01834e-10
L 1777 1778 3.01834e-10
L 1779 1780 3.01834e-10
L 1781 1782 3.01834e-10
L 1783 1784 3.01834e-10
L 1785 1786 3.01834e-10
L 1787 1788 3.01834e-10
L 1789 1790 3.01834e-10
L 1791 1792 3.01834e-10
L 1793 1794 3.01834e-10
L 1795 1796 3.01834e-10
L 1797 1798 3.01834e-10
L 1799 1800 3.01834e-10
L 1801 1802 3.01834e-10
L 1803 1804 3.01834e-10
L 1806 1807 3.01834e-10
L 1808 1809 3.01834e-10
L 1810 1811 3.01834e-10
L 1812 1813 3.01834e-10
L 1814 1815 3.01834e-10
L 1816 1817 3.01834e-10
L 1818 1819 3.01834e-10
L 1820 1821 3.01834e-10
L 1822 1823 3.01834e-10
L 1824 1825 3.01834e-10
L 1826 1827 3.01834e-10
L 1828 1829 3.01834e-10
L 1830 1831 3.01834e-10
L 1832 1833 3.01834e-10
L 1834 1835 3.01834e-10
L 1836 1837 3.01834e-10
L 1838 1839 3.01834e-10
L 1840 1841 3.01834e-10
L 1842 1843 3.01834e-10
L 1844 1845 3.01834e-10
L 1846 1847 3.01834e-10
L 1848 1849 3.01834e-10
L 1850 1851 3.01834e-10
L 1852 1853 3.01834e-10
L 1854 1855 3.01834e-10
L 1856 1857 3.01834e-10
L 1858 1859 3.01834e-10
L 1860 1861 3.01834e-10
L 1862 1863 3.01834e-10
L 1864 1865 3.01834e-10
L 1866 1867 3.01834e-10
L 1868 1869 3.01834e-10
L 1870 1871 3.01834e-10
L 1872 1873 3.01834e-10
L 1874 1875 3.01834e-10
L 1876 1877 3.01834e-10
L 1878 1879 3.01834e-10
L 1880 1881 3.01834e-10
L 1882 1883 3.01834e-10
L 1884 1885 3.01834e-10
L 1886 1887 3.01834e-10
L 1888 1889 3.01834e-10
L 1890 1891 3.01834e-10
L 1892 1893 3.01834e-10
L 1894 1895 3.01834e-10
L 1896 1897 3.01834e-10
L 1898 1899 3.01834e-10
L 1900 1901 3.01834e-10
L 1902 1903 3.01834e-10
L 1904 1905 3.01834e-10
L 1906 1907 3.01834e-10
L 1908 1909 3.01834e-10
L 1910 1911 3.01834e-10
L 1912 1913 3.01834e-10
L 1914 1915 3.01834e-10
L 1916 1917 3.01834e-10
L 1918 1919 3.01834e-10
L 1920 1921 3.01834e-10
L 1922 1923 3.01834e-10
L 1924 1925 3.01834e-10
L 1926 1927 3.01834e-10
L 1928 1929 3.01834e-10
L 1930 1931 3.01834e-10
L 1932 1933 3.01834e-10
L 1934 1935 3.01834e-10
L 1936 1937 3.01834e-10
L 1938 1939 3.01834e-10
L 1940 1941 3.01834e-10
L 1942 1943 3.01834e-10
L 1944 1945 3.01834e-10
L 1946 1947 3.01834e-10
L 1948 1949 3.01834e-10
L 1950 1951 3.01834e-10
L 1952 1953 3.01834e-10
L 1954 1955 3.01834e-10
L 1956 1957 3.01834e-10
L 1958 1959 3.01834e-10
L 1960 1961 3.01834e-10
L 1962 1963 3.01834e-10
L 1964 1965 3.01834e-10
L 1966 1967 3.01834e-10
L 1968 1969 3.01834e-10
L 1970 1971 3.01834e-10
L 1972 1973 3.01834e-10
L 1974 1975 3.01834e-10
L 1976 1977 3.01834e-10
L 1978 1979 3.01834e-10
L 1980 1981 3.01834e-10
L 1982 1983 3.01834e-10
L 1984 1985 3.01834e-10
L 1986 1987 3.01834e-10
L 1988 1989 3.01834e-10
L 1990 1991 3.01834e-10
L 1992 1993 3.01834e-10
L 1994 1995 3.01834e-10
L 1996 1997 3.01834e-10
L 1998 1999 3.01834e-10
L 2000 2001 3.01834e-10
L 2002 2003 3.01834e-10
L 2004 2005 3.01834e-10
L 2006 2007 3.01834e-10
L 2008 2009 3.01834e-10
L 2010 2011 3.01834e-10
L 2012 2013 3.01834e-10
L 2014 2015 3.01834e-10
L 2016 2017 3.01834e-10
L 2018 2019 3.01834e-10
L 2020 2021 3.01834e-10
L 2022 2023 3.01834e-10
L 2024 2025 3.01834e-10
L 2026 2027 3.01834e-10
L 2028 2029 3.01834e-10
L 2030 2031 3.01834e-10
L 2032 2033 3.01834e-10
L 2034 2035 3.01834e-10
L 2036 2037 3.01834e-10
L 2038 2039 3.01834e-10
L 2040 2041 3.01834e-10
L 2042 2043 3.01834e-10
L 2044 2045 3.01834e-10
L 2046 2047 3.01834e-10
L 2048 2049 3.01834e-10
L 2050 2051 3.01834e-10
L 2052 2053 3.01834e-10
L 2054 2055 3.01834e-10
L 2056 2057 3.01834e-10
L 2058 2059 3.01834e-10
L 2060 2061 3.01834e-10
L 2062 2063 3.01834e-10
L 2064 2065 3.01834e-10
L 2066 2067 3.01834e-10
L 2068 2069 3.01834e-10
L 2070 2071 3.01834e-10
L 2072 2073 3.01834e-10
L 2074 2075 3.01834e-10
L 2076 2077 3.01834e-10
L 2078 2079 3.01834e-10
L 2080 2081 3.01834e-10
L 2082 2083 3.01834e-10
L 2084 2085 3.01834e-10
L 2086 2087 3.01834e-10
L 2088 2089 3.01834e-10
L 2090 2091 3.01834e-10
L 2092 2093 3.01834e-10
L 2094 2095 3.01834e-10
L 2096 2097 3.01834e-10
L 2098 2099 3.01834e-10
L 2100 2101 3.01834e-10
L 2102 2103 3.01834e-10
L 2104 2105 3.01834e-10
L 2106 2107 3.01834e-10
L 2108 2109 3.01834e-10
L 2110 2111 3.01834e-10
L 2112 2113 3.01834e-10
L 2114 2115 3.01834e-10
L 2116 2117 3.01834e-10
L 2118 2119 3.01834e-10
L 2120 2121 3.01834e-10
L 2122 2123 3.01834e-10
L 2124 2125 3.01834e-10
L 2126 2127 3.01834e-10
L 2128 2129 3.01834e-10
L 2130 2131 3.01834e-10
L 2132 2133 3.01834e-10
L 2134 2135 3.01834e-10
L 2136 2137 3.01834e-10
L 2138 2139 3.01834e-10
L 2140 2141 3.01834e-10
L 2142 2143 3.01834e-10
L 2144 2145 3.01834e-10
L 2146 2147 3.01834e-10
L 2148 2149 3.01834e-10
L 2150 2151 3.01834e-10
L 2152 2153 3.01834e-10
L 2154 2155 3.01834e-10
L 2156 2157 3.01834e-10
L 2158 2159 3.01834e-10
L 2160 2161 3.01834e-10
L 2162 2163 3.01834e-10
L 2164 2165 3.01834e-10
L 2169 362 6e-9
L 2170 1083 5e-9
L 361 2167 10e-9
L 2167 1444 10e-9
L 2166 1805 5e-9
J 1443 0 0
J 2165 0 0
V 2168 0 1
