R1 1 2 2.2
R2 8 9 2.2
R3 15 16 2.2
R4 22 23 2.2
R5 29 30 2.2
R6 7 36 2.2
R7 14 42 2.2
R8 21 48 2.2
R9 28 54 2.2
R10 35 60 2.2
R11 41 66 2.2
R12 47 72 2.2
R13 53 78 2.2
R14 59 84 2.2
R15 65 90 2.2
R16 71 96 2.2
R17 77 102 2.2
R18 83 108 2.2
R19 89 114 2.2
R20 95 120 2.2
R21 101 126 2.2
R22 107 132 2.2
R23 113 138 2.2
R24 119 144 2.2
R25 125 150 2.2
R26 131 156 2.2
R27 137 162 2.2
R28 143 168 2.2
R29 149 174 2.2
R30 155 180 2.2
R31 161 186 2.2
R32 167 192 2.2
R33 173 198 2.2
R34 179 204 2.2
R35 185 210 2.2
R36 191 216 2.2
R37 197 222 2.2
R38 203 228 2.2
R39 209 234 2.2
R40 215 240 2.2
R41 221 246 2.2
R42 227 252 2.2
R43 233 258 2.2
R44 239 264 2.2
R45 245 270 2.2
R46 251 276 2.2
R47 257 282 2.2
R48 263 288 2.2
R49 269 294 2.2
R50 275 300 2.2
R51 281 306 2.2
R52 287 312 2.2
R53 293 318 2.2
R54 299 324 2.2
R55 305 330 2.2
R56 311 336 2.2
R57 317 342 2.2
R58 323 348 2.2
R59 329 354 2.2
R60 335 360 2.2
R61 341 366 2.2
R62 347 372 2.2
R63 353 378 2.2
R64 359 384 2.2
R65 365 390 2.2
R66 371 396 2.2
R67 377 402 2.2
R68 383 408 2.2
R69 389 414 2.2
R70 395 420 2.2
R71 401 426 2.2
R72 407 432 2.2
R73 413 438 2.2
R74 419 444 2.2
R75 425 450 2.2
R 1 0 20
R 8 0 20
R 456 15 20
R 22 0 20
R 29 0 20
R 431 0 20
R 437 457 20
R 443 459 20
R 449 0 20
R 455 0 20
C1 7 0 7.10867e-14
C2 14 0 6.00953e-14
C3 21 0 5.92347e-14
C4 28 0 6.00927e-14
C5 35 0 7.1242e-14
C6 41 0 7.10867e-14
C7 47 0 6.00953e-14
C8 53 0 5.92347e-14
C9 59 0 6.00927e-14
C10 65 0 7.1242e-14
C11 71 0 7.10867e-14
C12 77 0 6.00953e-14
C13 83 0 5.92347e-14
C14 89 0 6.00927e-14
C15 95 0 7.1242e-14
C16 101 0 7.10867e-14
C17 107 0 6.00953e-14
C18 113 0 5.92347e-14
C19 119 0 6.00927e-14
C20 125 0 7.1242e-14
C21 131 0 7.10867e-14
C22 137 0 6.00953e-14
C23 143 0 5.92347e-14
C24 149 0 6.00927e-14
C25 155 0 7.1242e-14
C26 161 0 7.10867e-14
C27 167 0 6.00953e-14
C28 173 0 5.92347e-14
C29 179 0 6.00927e-14
C30 185 0 7.1242e-14
C31 191 0 7.10867e-14
C32 197 0 6.00953e-14
C33 203 0 5.92347e-14
C34 209 0 6.00927e-14
C35 215 0 7.1242e-14
C36 221 0 7.10867e-14
C37 227 0 6.00953e-14
C38 233 0 5.92347e-14
C39 239 0 6.00927e-14
C40 245 0 7.1242e-14
C41 251 0 7.10867e-14
C42 257 0 6.00953e-14
C43 263 0 5.92347e-14
C44 269 0 6.00927e-14
C45 275 0 7.1242e-14
C46 281 0 7.10867e-14
C47 287 0 6.00953e-14
C48 293 0 5.92347e-14
C49 299 0 6.00927e-14
C50 305 0 7.1242e-14
C51 311 0 7.10867e-14
C52 317 0 6.00953e-14
C53 323 0 5.92347e-14
C54 329 0 6.00927e-14
C55 335 0 7.1242e-14
C56 341 0 7.10867e-14
C57 347 0 6.00953e-14
C58 353 0 5.92347e-14
C59 359 0 6.00927e-14
C60 365 0 7.1242e-14
C61 371 0 7.10867e-14
C62 377 0 6.00953e-14
C63 383 0 5.92347e-14
C64 389 0 6.00927e-14
C65 395 0 7.1242e-14
C66 401 0 7.10867e-14
C67 407 0 6.00953e-14
C68 413 0 5.92347e-14
C69 419 0 6.00927e-14
C70 425 0 7.1242e-14
C71 431 0 7.10867e-14
C72 437 0 6.00953e-14
C73 443 0 5.92347e-14
C74 449 0 6.00927e-14
C75 455 0 7.1242e-14
C 457 0 0.5e-12
C 458 0 0.5e-12
C 459 0 0.5e-12
C 460 0 0.5e-12
L1 2 3 3.31895e-10
L2 9 10 3.27107e-10
L3 16 17 3.26326e-10
L4 23 24 3.27107e-10
L5 30 31 3.31654e-10
L6 36 37 3.31895e-10
L7 42 43 3.27107e-10
L8 48 49 3.26326e-10
L9 54 55 3.27107e-10
L10 60 61 3.31654e-10
L11 66 67 3.31895e-10
L12 72 73 3.27107e-10
L13 78 79 3.26326e-10
L14 84 85 3.27107e-10
L15 90 91 3.31654e-10
L16 96 97 3.31895e-10
L17 102 103 3.27107e-10
L18 108 109 3.26326e-10
L19 114 115 3.27107e-10
L20 120 121 3.31654e-10
L21 126 127 3.31895e-10
L22 132 133 3.27107e-10
L23 138 139 3.26326e-10
L24 144 145 3.27107e-10
L25 150 151 3.31654e-10
L26 156 157 3.31895e-10
L27 162 163 3.27107e-10
L28 168 169 3.26326e-10
L29 174 175 3.27107e-10
L30 180 181 3.31654e-10
L31 186 187 3.31895e-10
L32 192 193 3.27107e-10
L33 198 199 3.26326e-10
L34 204 205 3.27107e-10
L35 210 211 3.31654e-10
L36 216 217 3.31895e-10
L37 222 223 3.27107e-10
L38 228 229 3.26326e-10
L39 234 235 3.27107e-10
L40 240 241 3.31654e-10
L41 246 247 3.31895e-10
L42 252 253 3.27107e-10
L43 258 259 3.26326e-10
L44 264 265 3.27107e-10
L45 270 271 3.31654e-10
L46 276 277 3.31895e-10
L47 282 283 3.27107e-10
L48 288 289 3.26326e-10
L49 294 295 3.27107e-10
L50 300 301 3.31654e-10
L51 306 307 3.31895e-10
L52 312 313 3.27107e-10
L53 318 319 3.26326e-10
L54 324 325 3.27107e-10
L55 330 331 3.31654e-10
L56 336 337 3.31895e-10
L57 342 343 3.27107e-10
L58 348 349 3.26326e-10
L59 354 355 3.27107e-10
L60 360 361 3.31654e-10
L61 366 367 3.31895e-10
L62 372 373 3.27107e-10
L63 378 379 3.26326e-10
L64 384 385 3.27107e-10
L65 390 391 3.31654e-10
L66 396 397 3.31895e-10
L67 402 403 3.27107e-10
L68 408 409 3.26326e-10
L69 414 415 3.27107e-10
L70 420 421 3.31654e-10
L71 426 427 3.31895e-10
L72 432 433 3.27107e-10
L73 438 439 3.26326e-10
L74 444 445 3.27107e-10
L75 450 451 3.31654e-10
L 457 458 0.1e-9
L 459 460 0.1e-9
Z1 7 0 7 14 2.05233e-14
Z2 7 0 7 21 1.27067e-15
Z3 7 0 7 28 2.54e-16
Z4 7 0 7 35 1.3e-16
Z5 14 0 14 7 2.05233e-14
Z6 14 0 14 21 2.03427e-14
Z7 14 0 14 28 1.23333e-15
Z8 14 0 14 35 2.54667e-16
Z9 21 0 21 7 1.27067e-15
Z10 21 0 21 14 2.03427e-14
Z11 21 0 21 28 2.03427e-14
Z12 21 0 21 35 1.27133e-15
Z13 28 0 28 7 2.54e-16
Z14 28 0 28 14 1.23333e-15
Z15 28 0 28 21 2.03427e-14
Z16 28 0 28 35 2.0526e-14
Z17 35 0 35 7 1.3e-16
Z18 35 0 35 14 2.54667e-16
Z19 35 0 35 21 1.27133e-15
Z20 35 0 35 28 2.0526e-14
Z21 41 0 41 47 2.05233e-14
Z22 41 0 41 53 1.27067e-15
Z23 41 0 41 59 2.54e-16
Z24 41 0 41 65 1.3e-16
Z25 47 0 47 41 2.05233e-14
Z26 47 0 47 53 2.03427e-14
Z27 47 0 47 59 1.23333e-15
Z28 47 0 47 65 2.54667e-16
Z29 53 0 53 41 1.27067e-15
Z30 53 0 53 47 2.03427e-14
Z31 53 0 53 59 2.03427e-14
Z32 53 0 53 65 1.27133e-15
Z33 59 0 59 41 2.54e-16
Z34 59 0 59 47 1.23333e-15
Z35 59 0 59 53 2.03427e-14
Z36 59 0 59 65 2.0526e-14
Z37 65 0 65 41 1.3e-16
Z38 65 0 65 47 2.54667e-16
Z39 65 0 65 53 1.27133e-15
Z40 65 0 65 59 2.0526e-14
Z41 71 0 71 77 2.05233e-14
Z42 71 0 71 83 1.27067e-15
Z43 71 0 71 89 2.54e-16
Z44 71 0 71 95 1.3e-16
Z45 77 0 77 71 2.05233e-14
Z46 77 0 77 83 2.03427e-14
Z47 77 0 77 89 1.23333e-15
Z48 77 0 77 95 2.54667e-16
Z49 83 0 83 71 1.27067e-15
Z50 83 0 83 77 2.03427e-14
Z51 83 0 83 89 2.03427e-14
Z52 83 0 83 95 1.27133e-15
Z53 89 0 89 71 2.54e-16
Z54 89 0 89 77 1.23333e-15
Z55 89 0 89 83 2.03427e-14
Z56 89 0 89 95 2.0526e-14
Z57 95 0 95 71 1.3e-16
Z58 95 0 95 77 2.54667e-16
Z59 95 0 95 83 1.27133e-15
Z60 95 0 95 89 2.0526e-14
Z61 101 0 101 107 2.05233e-14
Z62 101 0 101 113 1.27067e-15
Z63 101 0 101 119 2.54e-16
Z64 101 0 101 125 1.3e-16
Z65 107 0 107 101 2.05233e-14
Z66 107 0 107 113 2.03427e-14
Z67 107 0 107 119 1.23333e-15
Z68 107 0 107 125 2.54667e-16
Z69 113 0 113 101 1.27067e-15
Z70 113 0 113 107 2.03427e-14
Z71 113 0 113 119 2.03427e-14
Z72 113 0 113 125 1.27133e-15
Z73 119 0 119 101 2.54e-16
Z74 119 0 119 107 1.23333e-15
Z75 119 0 119 113 2.03427e-14
Z76 119 0 119 125 2.0526e-14
Z77 125 0 125 101 1.3e-16
Z78 125 0 125 107 2.54667e-16
Z79 125 0 125 113 1.27133e-15
Z80 125 0 125 119 2.0526e-14
Z81 131 0 131 137 2.05233e-14
Z82 131 0 131 143 1.27067e-15
Z83 131 0 131 149 2.54e-16
Z84 131 0 131 155 1.3e-16
Z85 137 0 137 131 2.05233e-14
Z86 137 0 137 143 2.03427e-14
Z87 137 0 137 149 1.23333e-15
Z88 137 0 137 155 2.54667e-16
Z89 143 0 143 131 1.27067e-15
Z90 143 0 143 137 2.03427e-14
Z91 143 0 143 149 2.03427e-14
Z92 143 0 143 155 1.27133e-15
Z93 149 0 149 131 2.54e-16
Z94 149 0 149 137 1.23333e-15
Z95 149 0 149 143 2.03427e-14
Z96 149 0 149 155 2.0526e-14
Z97 155 0 155 131 1.3e-16
Z98 155 0 155 137 2.54667e-16
Z99 155 0 155 143 1.27133e-15
Z100 155 0 155 149 2.0526e-14
Z101 161 0 161 167 2.05233e-14
Z102 161 0 161 173 1.27067e-15
Z103 161 0 161 179 2.54e-16
Z104 161 0 161 185 1.3e-16
Z105 167 0 167 161 2.05233e-14
Z106 167 0 167 173 2.03427e-14
Z107 167 0 167 179 1.23333e-15
Z108 167 0 167 185 2.54667e-16
Z109 173 0 173 161 1.27067e-15
Z110 173 0 173 167 2.03427e-14
Z111 173 0 173 179 2.03427e-14
Z112 173 0 173 185 1.27133e-15
Z113 179 0 179 161 2.54e-16
Z114 179 0 179 167 1.23333e-15
Z115 179 0 179 173 2.03427e-14
Z116 179 0 179 185 2.0526e-14
Z117 185 0 185 161 1.3e-16
Z118 185 0 185 167 2.54667e-16
Z119 185 0 185 173 1.27133e-15
Z120 185 0 185 179 2.0526e-14
Z121 191 0 191 197 2.05233e-14
Z122 191 0 191 203 1.27067e-15
Z123 191 0 191 209 2.54e-16
Z124 191 0 191 215 1.3e-16
Z125 197 0 197 191 2.05233e-14
Z126 197 0 197 203 2.03427e-14
Z127 197 0 197 209 1.23333e-15
Z128 197 0 197 215 2.54667e-16
Z129 203 0 203 191 1.27067e-15
Z130 203 0 203 197 2.03427e-14
Z131 203 0 203 209 2.03427e-14
Z132 203 0 203 215 1.27133e-15
Z133 209 0 209 191 2.54e-16
Z134 209 0 209 197 1.23333e-15
Z135 209 0 209 203 2.03427e-14
Z136 209 0 209 215 2.0526e-14
Z137 215 0 215 191 1.3e-16
Z138 215 0 215 197 2.54667e-16
Z139 215 0 215 203 1.27133e-15
Z140 215 0 215 209 2.0526e-14
Z141 221 0 221 227 2.05233e-14
Z142 221 0 221 233 1.27067e-15
Z143 221 0 221 239 2.54e-16
Z144 221 0 221 245 1.3e-16
Z145 227 0 227 221 2.05233e-14
Z146 227 0 227 233 2.03427e-14
Z147 227 0 227 239 1.23333e-15
Z148 227 0 227 245 2.54667e-16
Z149 233 0 233 221 1.27067e-15
Z150 233 0 233 227 2.03427e-14
Z151 233 0 233 239 2.03427e-14
Z152 233 0 233 245 1.27133e-15
Z153 239 0 239 221 2.54e-16
Z154 239 0 239 227 1.23333e-15
Z155 239 0 239 233 2.03427e-14
Z156 239 0 239 245 2.0526e-14
Z157 245 0 245 221 1.3e-16
Z158 245 0 245 227 2.54667e-16
Z159 245 0 245 233 1.27133e-15
Z160 245 0 245 239 2.0526e-14
Z161 251 0 251 257 2.05233e-14
Z162 251 0 251 263 1.27067e-15
Z163 251 0 251 269 2.54e-16
Z164 251 0 251 275 1.3e-16
Z165 257 0 257 251 2.05233e-14
Z166 257 0 257 263 2.03427e-14
Z167 257 0 257 269 1.23333e-15
Z168 257 0 257 275 2.54667e-16
Z169 263 0 263 251 1.27067e-15
Z170 263 0 263 257 2.03427e-14
Z171 263 0 263 269 2.03427e-14
Z172 263 0 263 275 1.27133e-15
Z173 269 0 269 251 2.54e-16
Z174 269 0 269 257 1.23333e-15
Z175 269 0 269 263 2.03427e-14
Z176 269 0 269 275 2.0526e-14
Z177 275 0 275 251 1.3e-16
Z178 275 0 275 257 2.54667e-16
Z179 275 0 275 263 1.27133e-15
Z180 275 0 275 269 2.0526e-14
Z181 281 0 281 287 2.05233e-14
Z182 281 0 281 293 1.27067e-15
Z183 281 0 281 299 2.54e-16
Z184 281 0 281 305 1.3e-16
Z185 287 0 287 281 2.05233e-14
Z186 287 0 287 293 2.03427e-14
Z187 287 0 287 299 1.23333e-15
Z188 287 0 287 305 2.54667e-16
Z189 293 0 293 281 1.27067e-15
Z190 293 0 293 287 2.03427e-14
Z191 293 0 293 299 2.03427e-14
Z192 293 0 293 305 1.27133e-15
Z193 299 0 299 281 2.54e-16
Z194 299 0 299 287 1.23333e-15
Z195 299 0 299 293 2.03427e-14
Z196 299 0 299 305 2.0526e-14
Z197 305 0 305 281 1.3e-16
Z198 305 0 305 287 2.54667e-16
Z199 305 0 305 293 1.27133e-15
Z200 305 0 305 299 2.0526e-14
Z201 311 0 311 317 2.05233e-14
Z202 311 0 311 323 1.27067e-15
Z203 311 0 311 329 2.54e-16
Z204 311 0 311 335 1.3e-16
Z205 317 0 317 311 2.05233e-14
Z206 317 0 317 323 2.03427e-14
Z207 317 0 317 329 1.23333e-15
Z208 317 0 317 335 2.54667e-16
Z209 323 0 323 311 1.27067e-15
Z210 323 0 323 317 2.03427e-14
Z211 323 0 323 329 2.03427e-14
Z212 323 0 323 335 1.27133e-15
Z213 329 0 329 311 2.54e-16
Z214 329 0 329 317 1.23333e-15
Z215 329 0 329 323 2.03427e-14
Z216 329 0 329 335 2.0526e-14
Z217 335 0 335 311 1.3e-16
Z218 335 0 335 317 2.54667e-16
Z219 335 0 335 323 1.27133e-15
Z220 335 0 335 329 2.0526e-14
Z221 341 0 341 347 2.05233e-14
Z222 341 0 341 353 1.27067e-15
Z223 341 0 341 359 2.54e-16
Z224 341 0 341 365 1.3e-16
Z225 347 0 347 341 2.05233e-14
Z226 347 0 347 353 2.03427e-14
Z227 347 0 347 359 1.23333e-15
Z228 347 0 347 365 2.54667e-16
Z229 353 0 353 341 1.27067e-15
Z230 353 0 353 347 2.03427e-14
Z231 353 0 353 359 2.03427e-14
Z232 353 0 353 365 1.27133e-15
Z233 359 0 359 341 2.54e-16
Z234 359 0 359 347 1.23333e-15
Z235 359 0 359 353 2.03427e-14
Z236 359 0 359 365 2.0526e-14
Z237 365 0 365 341 1.3e-16
Z238 365 0 365 347 2.54667e-16
Z239 365 0 365 353 1.27133e-15
Z240 365 0 365 359 2.0526e-14
Z241 371 0 371 377 2.05233e-14
Z242 371 0 371 383 1.27067e-15
Z243 371 0 371 389 2.54e-16
Z244 371 0 371 395 1.3e-16
Z245 377 0 377 371 2.05233e-14
Z246 377 0 377 383 2.03427e-14
Z247 377 0 377 389 1.23333e-15
Z248 377 0 377 395 2.54667e-16
Z249 383 0 383 371 1.27067e-15
Z250 383 0 383 377 2.03427e-14
Z251 383 0 383 389 2.03427e-14
Z252 383 0 383 395 1.27133e-15
Z253 389 0 389 371 2.54e-16
Z254 389 0 389 377 1.23333e-15
Z255 389 0 389 383 2.03427e-14
Z256 389 0 389 395 2.0526e-14
Z257 395 0 395 371 1.3e-16
Z258 395 0 395 377 2.54667e-16
Z259 395 0 395 383 1.27133e-15
Z260 395 0 395 389 2.0526e-14
Z261 401 0 401 407 2.05233e-14
Z262 401 0 401 413 1.27067e-15
Z263 401 0 401 419 2.54e-16
Z264 401 0 401 425 1.3e-16
Z265 407 0 407 401 2.05233e-14
Z266 407 0 407 413 2.03427e-14
Z267 407 0 407 419 1.23333e-15
Z268 407 0 407 425 2.54667e-16
Z269 413 0 413 401 1.27067e-15
Z270 413 0 413 407 2.03427e-14
Z271 413 0 413 419 2.03427e-14
Z272 413 0 413 425 1.27133e-15
Z273 419 0 419 401 2.54e-16
Z274 419 0 419 407 1.23333e-15
Z275 419 0 419 413 2.03427e-14
Z276 419 0 419 425 2.0526e-14
Z277 425 0 425 401 1.3e-16
Z278 425 0 425 407 2.54667e-16
Z279 425 0 425 413 1.27133e-15
Z280 425 0 425 419 2.0526e-14
Z281 431 0 431 437 2.05233e-14
Z282 431 0 431 443 1.27067e-15
Z283 431 0 431 449 2.54e-16
Z284 431 0 431 455 1.3e-16
Z285 437 0 437 431 2.05233e-14
Z286 437 0 437 443 2.03427e-14
Z287 437 0 437 449 1.23333e-15
Z288 437 0 437 455 2.54667e-16
Z289 443 0 443 431 1.27067e-15
Z290 443 0 443 437 2.03427e-14
Z291 443 0 443 449 2.03427e-14
Z292 443 0 443 455 1.27133e-15
Z293 449 0 449 431 2.54e-16
Z294 449 0 449 437 1.23333e-15
Z295 449 0 449 443 2.03427e-14
Z296 449 0 449 455 2.0526e-14
Z297 455 0 455 431 1.3e-16
Z298 455 0 455 437 2.54667e-16
Z299 455 0 455 443 1.27133e-15
Z300 455 0 455 449 2.0526e-14
E1 3 4 9 10 0.335685
E2 4 5 16 17 0.157235
E3 5 6 23 24 0.28512
E4 6 7 30 31 0.0513366
E5 10 11 2 3 0.330842
E6 11 12 16 17 0.331472
E7 12 13 23 24 0.154981
E8 13 14 30 31 0.0839731
E9 17 18 2 3 0.154597
E10 18 19 9 10 0.330681
E11 19 20 23 24 0.330681
E12 20 21 30 31 0.154707
E13 24 25 2 3 0.281007
E14 25 26 9 10 0.154981
E15 26 27 16 17 0.331472
E16 27 28 30 31 0.331082
E17 31 32 2 3 0.0512994
E18 32 33 9 10 0.0851404
E19 33 34 16 17 0.157233
E20 34 35 23 24 0.335685
E21 37 38 42 43 0.335685
E22 38 39 48 49 0.157235
E23 39 40 54 55 0.28512
E24 40 41 60 61 0.0513366
E25 43 44 36 37 0.330842
E26 44 45 48 49 0.331472
E27 45 46 54 55 0.154981
E28 46 47 60 61 0.0839731
E29 49 50 36 37 0.154597
E30 50 51 42 43 0.330681
E31 51 52 54 55 0.330681
E32 52 53 60 61 0.154707
E33 55 56 36 37 0.281007
E34 56 57 42 43 0.154981
E35 57 58 48 49 0.331472
E36 58 59 60 61 0.331082
E37 61 62 36 37 0.0512994
E38 62 63 42 43 0.0851404
E39 63 64 48 49 0.157233
E40 64 65 54 55 0.335685
E41 67 68 72 73 0.335685
E42 68 69 78 79 0.157235
E43 69 70 84 85 0.28512
E44 70 71 90 91 0.0513366
E45 73 74 66 67 0.330842
E46 74 75 78 79 0.331472
E47 75 76 84 85 0.154981
E48 76 77 90 91 0.0839731
E49 79 80 66 67 0.154597
E50 80 81 72 73 0.330681
E51 81 82 84 85 0.330681
E52 82 83 90 91 0.154707
E53 85 86 66 67 0.281007
E54 86 87 72 73 0.154981
E55 87 88 78 79 0.331472
E56 88 89 90 91 0.331082
E57 91 92 66 67 0.0512994
E58 92 93 72 73 0.0851404
E59 93 94 78 79 0.157233
E60 94 95 84 85 0.335685
E61 97 98 102 103 0.335685
E62 98 99 108 109 0.157235
E63 99 100 114 115 0.28512
E64 100 101 120 121 0.0513366
E65 103 104 96 97 0.330842
E66 104 105 108 109 0.331472
E67 105 106 114 115 0.154981
E68 106 107 120 121 0.0839731
E69 109 110 96 97 0.154597
E70 110 111 102 103 0.330681
E71 111 112 114 115 0.330681
E72 112 113 120 121 0.154707
E73 115 116 96 97 0.281007
E74 116 117 102 103 0.154981
E75 117 118 108 109 0.331472
E76 118 119 120 121 0.331082
E77 121 122 96 97 0.0512994
E78 122 123 102 103 0.0851404
E79 123 124 108 109 0.157233
E80 124 125 114 115 0.335685
E81 127 128 132 133 0.335685
E82 128 129 138 139 0.157235
E83 129 130 144 145 0.28512
E84 130 131 150 151 0.0513366
E85 133 134 126 127 0.330842
E86 134 135 138 139 0.331472
E87 135 136 144 145 0.154981
E88 136 137 150 151 0.0839731
E89 139 140 126 127 0.154597
E90 140 141 132 133 0.330681
E91 141 142 144 145 0.330681
E92 142 143 150 151 0.154707
E93 145 146 126 127 0.281007
E94 146 147 132 133 0.154981
E95 147 148 138 139 0.331472
E96 148 149 150 151 0.331082
E97 151 152 126 127 0.0512994
E98 152 153 132 133 0.0851404
E99 153 154 138 139 0.157233
E100 154 155 144 145 0.335685
E101 157 158 162 163 0.335685
E102 158 159 168 169 0.157235
E103 159 160 174 175 0.28512
E104 160 161 180 181 0.0513366
E105 163 164 156 157 0.330842
E106 164 165 168 169 0.331472
E107 165 166 174 175 0.154981
E108 166 167 180 181 0.0839731
E109 169 170 156 157 0.154597
E110 170 171 162 163 0.330681
E111 171 172 174 175 0.330681
E112 172 173 180 181 0.154707
E113 175 176 156 157 0.281007
E114 176 177 162 163 0.154981
E115 177 178 168 169 0.331472
E116 178 179 180 181 0.331082
E117 181 182 156 157 0.0512994
E118 182 183 162 163 0.0851404
E119 183 184 168 169 0.157233
E120 184 185 174 175 0.335685
E121 187 188 192 193 0.335685
E122 188 189 198 199 0.157235
E123 189 190 204 205 0.28512
E124 190 191 210 211 0.0513366
E125 193 194 186 187 0.330842
E126 194 195 198 199 0.331472
E127 195 196 204 205 0.154981
E128 196 197 210 211 0.0839731
E129 199 200 186 187 0.154597
E130 200 201 192 193 0.330681
E131 201 202 204 205 0.330681
E132 202 203 210 211 0.154707
E133 205 206 186 187 0.281007
E134 206 207 192 193 0.154981
E135 207 208 198 199 0.331472
E136 208 209 210 211 0.331082
E137 211 212 186 187 0.0512994
E138 212 213 192 193 0.0851404
E139 213 214 198 199 0.157233
E140 214 215 204 205 0.335685
E141 217 218 222 223 0.335685
E142 218 219 228 229 0.157235
E143 219 220 234 235 0.28512
E144 220 221 240 241 0.0513366
E145 223 224 216 217 0.330842
E146 224 225 228 229 0.331472
E147 225 226 234 235 0.154981
E148 226 227 240 241 0.0839731
E149 229 230 216 217 0.154597
E150 230 231 222 223 0.330681
E151 231 232 234 235 0.330681
E152 232 233 240 241 0.154707
E153 235 236 216 217 0.281007
E154 236 237 222 223 0.154981
E155 237 238 228 229 0.331472
E156 238 239 240 241 0.331082
E157 241 242 216 217 0.0512994
E158 242 243 222 223 0.0851404
E159 243 244 228 229 0.157233
E160 244 245 234 235 0.335685
E161 247 248 252 253 0.335685
E162 248 249 258 259 0.157235
E163 249 250 264 265 0.28512
E164 250 251 270 271 0.0513366
E165 253 254 246 247 0.330842
E166 254 255 258 259 0.331472
E167 255 256 264 265 0.154981
E168 256 257 270 271 0.0839731
E169 259 260 246 247 0.154597
E170 260 261 252 253 0.330681
E171 261 262 264 265 0.330681
E172 262 263 270 271 0.154707
E173 265 266 246 247 0.281007
E174 266 267 252 253 0.154981
E175 267 268 258 259 0.331472
E176 268 269 270 271 0.331082
E177 271 272 246 247 0.0512994
E178 272 273 252 253 0.0851404
E179 273 274 258 259 0.157233
E180 274 275 264 265 0.335685
E181 277 278 282 283 0.335685
E182 278 279 288 289 0.157235
E183 279 280 294 295 0.28512
E184 280 281 300 301 0.0513366
E185 283 284 276 277 0.330842
E186 284 285 288 289 0.331472
E187 285 286 294 295 0.154981
E188 286 287 300 301 0.0839731
E189 289 290 276 277 0.154597
E190 290 291 282 283 0.330681
E191 291 292 294 295 0.330681
E192 292 293 300 301 0.154707
E193 295 296 276 277 0.281007
E194 296 297 282 283 0.154981
E195 297 298 288 289 0.331472
E196 298 299 300 301 0.331082
E197 301 302 276 277 0.0512994
E198 302 303 282 283 0.0851404
E199 303 304 288 289 0.157233
E200 304 305 294 295 0.335685
E201 307 308 312 313 0.335685
E202 308 309 318 319 0.157235
E203 309 310 324 325 0.28512
E204 310 311 330 331 0.0513366
E205 313 314 306 307 0.330842
E206 314 315 318 319 0.331472
E207 315 316 324 325 0.154981
E208 316 317 330 331 0.0839731
E209 319 320 306 307 0.154597
E210 320 321 312 313 0.330681
E211 321 322 324 325 0.330681
E212 322 323 330 331 0.154707
E213 325 326 306 307 0.281007
E214 326 327 312 313 0.154981
E215 327 328 318 319 0.331472
E216 328 329 330 331 0.331082
E217 331 332 306 307 0.0512994
E218 332 333 312 313 0.0851404
E219 333 334 318 319 0.157233
E220 334 335 324 325 0.335685
E221 337 338 342 343 0.335685
E222 338 339 348 349 0.157235
E223 339 340 354 355 0.28512
E224 340 341 360 361 0.0513366
E225 343 344 336 337 0.330842
E226 344 345 348 349 0.331472
E227 345 346 354 355 0.154981
E228 346 347 360 361 0.0839731
E229 349 350 336 337 0.154597
E230 350 351 342 343 0.330681
E231 351 352 354 355 0.330681
E232 352 353 360 361 0.154707
E233 355 356 336 337 0.281007
E234 356 357 342 343 0.154981
E235 357 358 348 349 0.331472
E236 358 359 360 361 0.331082
E237 361 362 336 337 0.0512994
E238 362 363 342 343 0.0851404
E239 363 364 348 349 0.157233
E240 364 365 354 355 0.335685
E241 367 368 372 373 0.335685
E242 368 369 378 379 0.157235
E243 369 370 384 385 0.28512
E244 370 371 390 391 0.0513366
E245 373 374 366 367 0.330842
E246 374 375 378 379 0.331472
E247 375 376 384 385 0.154981
E248 376 377 390 391 0.0839731
E249 379 380 366 367 0.154597
E250 380 381 372 373 0.330681
E251 381 382 384 385 0.330681
E252 382 383 390 391 0.154707
E253 385 386 366 367 0.281007
E254 386 387 372 373 0.154981
E255 387 388 378 379 0.331472
E256 388 389 390 391 0.331082
E257 391 392 366 367 0.0512994
E258 392 393 372 373 0.0851404
E259 393 394 378 379 0.157233
E260 394 395 384 385 0.335685
E261 397 398 402 403 0.335685
E262 398 399 408 409 0.157235
E263 399 400 414 415 0.28512
E264 400 401 420 421 0.0513366
E265 403 404 396 397 0.330842
E266 404 405 408 409 0.331472
E267 405 406 414 415 0.154981
E268 406 407 420 421 0.0839731
E269 409 410 396 397 0.154597
E270 410 411 402 403 0.330681
E271 411 412 414 415 0.330681
E272 412 413 420 421 0.154707
E273 415 416 396 397 0.281007
E274 416 417 402 403 0.154981
E275 417 418 408 409 0.331472
E276 418 419 420 421 0.331082
E277 421 422 396 397 0.0512994
E278 422 423 402 403 0.0851404
E279 423 424 408 409 0.157233
E280 424 425 414 415 0.335685
E281 427 428 432 433 0.335685
E282 428 429 438 439 0.157235
E283 429 430 444 445 0.28512
E284 430 431 450 451 0.0513366
E285 433 434 426 427 0.330842
E286 434 435 438 439 0.331472
E287 435 436 444 445 0.154981
E288 436 437 450 451 0.0839731
E289 439 440 426 427 0.154597
E290 440 441 432 433 0.330681
E291 441 442 444 445 0.330681
E292 442 443 450 451 0.154707
E293 445 446 426 427 0.281007
E294 446 447 432 433 0.154981
E295 447 448 438 439 0.331472
E296 448 449 450 451 0.331082
E297 451 452 426 427 0.0512994
E298 452 453 432 433 0.0851404
E299 453 454 438 439 0.157233
E300 454 455 444 445 0.335685
V 456 0 0 0 0.1e-9 1 5.1e-9 1 5.2e-9 0 10e-9 0
