0	0	0	;
1e-11	-1.60494e-62	1.0441e-62	;
2e-11	-3.98187e-60	2.58957e-60	;
3e-11	-4.90732e-58	3.19034e-58	;
4e-11	-4.00533e-56	2.60302e-56	;
5e-11	-2.43551e-54	1.58223e-54	;
6e-11	-1.17678e-52	7.64208e-53	;
7e-11	-4.70598e-51	3.05489e-51	;
8e-11	-1.60197e-49	1.03949e-49	;
9e-11	-4.73834e-48	3.07334e-48	;
1e-10	-1.237e-46	8.01981e-47	;
1.1e-10	-2.88565e-45	1.86999e-45	;
1.2e-10	-6.0754e-44	3.93519e-44	;
1.3e-10	-1.16393e-42	7.53538e-43	;
1.4e-10	-2.04309e-41	1.32204e-41	;
1.5e-10	-3.30516e-40	2.13756e-40	;
1.6e-10	-4.95245e-39	3.20115e-39	;
1.7e-10	-6.90338e-38	4.45964e-38	;
1.8e-10	-8.98612e-37	5.80164e-37	;
1.9e-10	-1.096e-35	7.07164e-36	;
2e-10	-1.25624e-34	8.10029e-35	;
2.1e-10	-1.35678e-33	8.74274e-34	;
2.2e-10	-1.38409e-32	8.91245e-33	;
2.3e-10	-1.33649e-31	8.59967e-32	;
2.4e-10	-1.22394e-30	7.86947e-31	;
2.5e-10	-1.06491e-29	6.84153e-30	;
2.6e-10	-8.81703e-29	5.6598e-29	;
2.7e-10	-6.95701e-28	4.46195e-28	;
2.8e-10	-5.23836e-27	3.35663e-27	;
2.9e-10	-3.76854e-26	2.41251e-26	;
3e-10	-2.59325e-25	1.65847e-25	;
3.1e-10	-1.70866e-24	1.09161e-24	;
3.2e-10	-1.079e-23	6.88587e-24	;
3.3e-10	-6.53607e-23	4.16637e-23	;
3.4e-10	-3.80094e-22	2.41997e-22	;
3.5e-10	-2.12355e-21	1.35031e-21	;
3.6e-10	-1.14058e-20	7.24304e-21	;
3.7e-10	-5.89314e-20	3.7371e-20	;
3.8e-10	-2.93069e-19	1.85575e-19	;
3.9e-10	-1.40353e-18	8.8735e-19	;
4e-10	-6.47589e-18	4.08754e-18	;
4.1e-10	-2.87997e-17	1.81468e-17	;
4.2e-10	-1.23496e-16	7.76725e-17	;
4.3e-10	-5.10781e-16	3.20633e-16	;
4.4e-10	-2.03828e-15	1.27686e-15	;
4.5e-10	-7.84964e-15	4.90663e-15	;
4.6e-10	-2.91799e-14	1.81975e-14	;
4.7e-10	-1.04724e-13	6.51482e-14	;
4.8e-10	-3.62901e-13	2.25169e-13	;
4.9e-10	-1.21438e-12	7.51388e-13	;
5e-10	-3.92442e-12	2.42098e-12	;
5.1e-10	-1.22476e-11	7.53163e-12	;
5.2e-10	-3.69124e-11	2.26225e-11	;
5.3e-10	-1.07426e-10	6.56009e-11	;
5.4e-10	-3.01868e-10	1.8363e-10	;
5.5e-10	-8.18883e-10	4.96097e-10	;
5.6e-10	-2.14406e-09	1.29327e-09	;
5.7e-10	-5.41686e-09	3.25233e-09	;
5.8e-10	-1.32015e-08	7.88783e-09	;
5.9e-10	-3.10241e-08	1.8443e-08	;
6e-10	-7.02742e-08	4.15585e-08	;
6.1e-10	-1.53356e-07	9.02152e-08	;
6.2e-10	-3.22242e-07	1.88598e-07	;
6.3e-10	-6.51595e-07	3.7958e-07	;
6.4e-10	-1.2671e-06	7.35375e-07	;
6.5e-10	-2.36807e-06	1.3715e-06	;
6.6e-10	-4.25052e-06	2.46371e-06	;
6.7e-10	-7.32333e-06	4.2681e-06	;
6.8e-10	-1.21067e-05	7.14744e-06	;
6.9e-10	-1.92043e-05	1.16163e-05	;
7e-10	-2.92502e-05	1.84359e-05	;
7.1e-10	-4.2858e-05	2.88207e-05	;
7.2e-10	-6.06381e-05	4.48562e-05	;
7.3e-10	-8.3388e-05	7.02627e-05	;
7.4e-10	-0.000112577	0.000111636	;
7.5e-10	-0.00015119	0.000180227	;
7.6e-10	-0.000204856	0.000294138	;
7.7e-10	-0.000282893	0.000480554	;
7.8e-10	-0.000398674	0.000777291	;
7.9e-10	-0.000568502	0.00123273	;
8e-10	-0.000808354	0.0019033	;
8.1e-10	-0.00112848	0.0028481	;
8.2e-10	-0.00152681	0.00412121	;
8.3e-10	-0.0019831	0.00576328	;
8.4e-10	-0.00245652	0.00779471	;
8.5e-10	-0.00288854	0.0102128	;
8.6e-10	-0.00321175	0.0129936	;
8.7e-10	-0.00336274	0.0160989	;
8.8e-10	-0.00329503	0.0194842	;
8.9e-10	-0.00298766	0.0231051	;
9e-10	-0.00244591	0.02692	;
9.1e-10	-0.00169397	0.0308881	;
9.2e-10	-0.000762443	0.0349672	;
9.3e-10	0.000323706	0.0391146	;
9.4e-10	0.00155135	0.0432964	;
9.5e-10	0.00291722	0.0475013	;
9.6e-10	0.00442039	0.0517529	;
9.7e-10	0.00605597	0.0561096	;
9.8e-10	0.0078171	0.0606458	;
9.9e-10	0.00970605	0.0654208	;
1e-09	0.0117466	0.070452	;
1.01e-09	0.0139841	0.0757101	;
1.02e-09	0.0164644	0.0811422	;
1.03e-09	0.0191988	0.0867063	;
1.04e-09	0.0221366	0.0923872	;
1.05e-09	0.0251665	0.0981769	;
1.06e-09	0.0281531	0.10403	;
1.07e-09	0.0309857	0.109839	;
1.08e-09	0.0336082	0.115456	;
1.09e-09	0.0360126	0.120764	;
1.1e-09	0.0382102	0.125741	;
1.11e-09	0.0402071	0.130461	;
1.12e-09	0.0420038	0.135028	;
1.13e-09	0.0436097	0.139495	;
1.14e-09	0.0450509	0.143837	;
1.15e-09	0.0463613	0.148001	;
1.16e-09	0.0475692	0.151978	;
1.17e-09	0.0486967	0.155835	;
1.18e-09	0.049769	0.15967	;
1.19e-09	0.0508184	0.163544	;
1.2e-09	0.0518689	0.167439	;
1.21e-09	0.0529152	0.171296	;
1.22e-09	0.0539188	0.175063	;
1.23e-09	0.0548328	0.178726	;
1.24e-09	0.0556377	0.182301	;
1.25e-09	0.0563578	0.185812	;
1.26e-09	0.0570468	0.189288	;
1.27e-09	0.057754	0.192758	;
1.28e-09	0.0584961	0.196248	;
1.29e-09	0.0592497	0.199751	;
1.3e-09	0.0599682	0.203226	;
1.31e-09	0.0606121	0.206626	;
1.32e-09	0.0611782	0.209938	;
1.33e-09	0.0617067	0.2132	;
1.34e-09	0.0622543	0.216472	;
1.35e-09	0.0628475	0.219784	;
1.36e-09	0.0634575	0.223117	;
1.37e-09	0.0640266	0.226413	;
1.38e-09	0.0645239	0.22963	;
1.39e-09	0.0649738	0.232775	;
1.4e-09	0.0654285	0.235909	;
1.41e-09	0.0659158	0.239083	;
1.42e-09	0.0664196	0.242292	;
1.43e-09	0.0669042	0.245473	;
1.44e-09	0.0673472	0.248575	;
1.45e-09	0.0677517	0.25162	;
1.46e-09	0.0681418	0.254673	;
1.47e-09	0.0685481	0.25776	;
1.48e-09	0.0689815	0.260849	;
1.49e-09	0.0694134	0.263893	;
1.5e-09	0.0697992	0.266893	;
1.51e-09	0.0701354	0.269878	;
1.52e-09	0.0704733	0.272863	;
1.53e-09	0.0708549	0.275839	;
1.54e-09	0.0712516	0.278806	;
1.55e-09	0.0716029	0.281764	;
1.56e-09	0.0719048	0.284697	;
1.57e-09	0.0722141	0.287591	;
1.58e-09	0.0725599	0.290469	;
1.59e-09	0.072903	0.293368	;
1.6e-09	0.0732048	0.296276	;
1.61e-09	0.0734883	0.299139	;
1.62e-09	0.0737917	0.301947	;
1.63e-09	0.0741013	0.30476	;
1.64e-09	0.0743822	0.30761	;
1.65e-09	0.0746457	0.310444	;
1.66e-09	0.0749273	0.313213	;
1.67e-09	0.0752177	0.315959	;
1.68e-09	0.0754774	0.318742	;
1.69e-09	0.0757114	0.321531	;
1.7e-09	0.0759642	0.324259	;
1.71e-09	0.0762391	0.326948	;
1.72e-09	0.0764902	0.329673	;
1.73e-09	0.0767051	0.33242	;
1.74e-09	0.076927	0.335107	;
1.75e-09	0.0771761	0.337736	;
1.76e-09	0.0774153	0.340398	;
1.77e-09	0.0776209	0.343107	;
1.78e-09	0.0778243	0.345766	;
1.79e-09	0.0780488	0.34834	;
1.8e-09	0.0782667	0.350931	;
1.81e-09	0.0784578	0.353592	;
1.82e-09	0.0786501	0.356227	;
1.83e-09	0.0788618	0.358763	;
1.84e-09	0.0790609	0.361288	;
1.85e-09	0.0792292	0.363889	;
1.86e-09	0.0794045	0.366492	;
1.87e-09	0.0796098	0.368999	;
1.88e-09	0.0798013	0.371473	;
1.89e-09	0.0799489	0.374015	;
1.9e-09	0.0800991	0.376573	;
1.91e-09	0.0802928	0.379046	;
1.92e-09	0.0804837	0.381481	;
1.93e-09	0.080621	0.383975	;
1.94e-09	0.0807465	0.386485	;
1.95e-09	0.0809195	0.388914	;
1.96e-09	0.0811064	0.391309	;
1.97e-09	0.0812428	0.393766	;
1.98e-09	0.0813527	0.396236	;
1.99e-09	0.0815012	0.398615	;
2e-09	0.0816744	0.400963	;
2.01e-09	0.0818114	0.403387	;
2.02e-09	0.0819176	0.405826	;
2.03e-09	0.0820458	0.408158	;
2.04e-09	0.0821963	0.410453	;
2.05e-09	0.0823283	0.412841	;
2.06e-09	0.0824391	0.415253	;
2.07e-09	0.0825559	0.417547	;
2.08e-09	0.0826799	0.419788	;
2.09e-09	0.0827988	0.422132	;
2.1e-09	0.0829165	0.424519	;
2.11e-09	0.0830311	0.426782	;
2.12e-09	0.0831304	0.428975	;
2.13e-09	0.0832296	0.43127	;
2.14e-09	0.0833516	0.433625	;
2.15e-09	0.0834701	0.435865	;
2.16e-09	0.0835499	0.438019	;
2.17e-09	0.0836268	0.440261	;
2.18e-09	0.0837483	0.442577	;
2.19e-09	0.0838722	0.444797	;
2.2e-09	0.0839393	0.44692	;
2.21e-09	0.0839953	0.44911	;
2.22e-09	0.0841107	0.451382	;
2.23e-09	0.0842383	0.453581	;
2.24e-09	0.0842987	0.45568	;
2.25e-09	0.0843379	0.457821	;
2.26e-09	0.0844427	0.460044	;
2.27e-09	0.0845701	0.462221	;
2.28e-09	0.0846286	0.4643	;
2.29e-09	0.0846562	0.466397	;
2.3e-09	0.0847471	0.46857	;
2.31e-09	0.0848697	0.470721	;
2.32e-09	0.0849297	0.472784	;
2.33e-09	0.084951	0.474841	;
2.34e-09	0.085026	0.476965	;
2.35e-09	0.08514	0.479087	;
2.36e-09	0.0852037	0.481133	;
2.37e-09	0.0852226	0.483156	;
2.38e-09	0.0852809	0.485232	;
2.39e-09	0.0853838	0.487322	;
2.4e-09	0.0854526	0.489351	;
2.41e-09	0.0854719	0.491344	;
2.42e-09	0.0855139	0.493374	;
2.43e-09	0.085605	0.49543	;
2.44e-09	0.0856794	0.49744	;
2.45e-09	0.0857003	0.499406	;
2.46e-09	0.0857272	0.501394	;
2.47e-09	0.085807	0.503413	;
2.48e-09	0.0858866	0.505404	;
2.49e-09	0.0859094	0.507346	;
2.5e-09	0.0859229	0.509292	;
2.51e-09	0.0859922	0.511275	;
2.52e-09	0.086075	0.513246	;
2.53e-09	0.0860988	0.515164	;
2.54e-09	0.0861006	0.517071	;
2.55e-09	0.0861595	0.519017	;
2.56e-09	0.086243	0.520967	;
2.57e-09	0.0862665	0.52286	;
2.58e-09	0.0862579	0.52473	;
2.59e-09	0.0863066	0.526641	;
2.6e-09	0.0863884	0.528568	;
2.61e-09	0.0864106	0.530436	;
2.62e-09	0.0863934	0.532269	;
2.63e-09	0.0864321	0.534147	;
2.64e-09	0.0865103	0.536049	;
2.65e-09	0.0865308	0.53789	;
2.66e-09	0.086506	0.53969	;
2.67e-09	0.0865345	0.541535	;
2.68e-09	0.0866076	0.543409	;
2.69e-09	0.0866254	0.545224	;
2.7e-09	0.0865931	0.546992	;
2.71e-09	0.0866114	0.548804	;
2.72e-09	0.0866783	0.55065	;
2.73e-09	0.0866926	0.552438	;
2.74e-09	0.0866533	0.554174	;
2.75e-09	0.0866619	0.555953	;
2.76e-09	0.0867223	0.557769	;
2.77e-09	0.0867325	0.55953	;
2.78e-09	0.0866867	0.561237	;
2.79e-09	0.0866868	0.562983	;
2.8e-09	0.0867406	0.56477	;
2.81e-09	0.0867463	0.566504	;
2.82e-09	0.0866948	0.568181	;
2.83e-09	0.0866879	0.569896	;
2.84e-09	0.0867359	0.571656	;
2.85e-09	0.0867373	0.573363	;
2.86e-09	0.0866821	0.575013	;
2.87e-09	0.0866717	0.576702	;
2.88e-09	0.086716	0.578437	;
2.89e-09	0.0867153	0.58012	;
2.9e-09	0.0866608	0.581747	;
2.91e-09	0.0866515	0.583415	;
2.92e-09	0.0866951	0.585128	;
2.93e-09	0.0866948	0.586789	;
2.94e-09	0.0866443	0.588398	;
2.95e-09	0.0866384	0.590048	;
2.96e-09	0.0866807	0.591738	;
2.97e-09	0.0866787	0.593375	;
2.98e-09	0.0866301	0.594964	;
2.99e-09	0.0866227	0.596591	;
3e-09	0.0866553	0.598249	;
3.01e-09	0.0866428	0.599855	;
3.02e-09	0.0865874	0.601415	;
3.03e-09	0.0865684	0.603008	;
3.04e-09	0.0865812	0.604625	;
3.05e-09	0.0865515	0.606192	;
3.06e-09	0.0864854	0.607719	;
3.07e-09	0.0864525	0.609276	;
3.08e-09	0.0864469	0.610853	;
3.09e-09	0.0864059	0.612388	;
3.1e-09	0.086337	0.613892	;
3.11e-09	0.0862986	0.615422	;
3.12e-09	0.0862845	0.61697	;
3.13e-09	0.086242	0.618483	;
3.14e-09	0.086177	0.61997	;
3.15e-09	0.0861365	0.621477	;
3.16e-09	0.0861152	0.622998	;
3.17e-09	0.0860702	0.624487	;
3.18e-09	0.0860051	0.625954	;
3.19e-09	0.0859578	0.627434	;
3.2e-09	0.0859261	0.628923	;
3.21e-09	0.0858767	0.630389	;
3.22e-09	0.0858102	0.631833	;
3.23e-09	0.0857562	0.633287	;
3.24e-09	0.0857167	0.634748	;
3.25e-09	0.0856659	0.636192	;
3.26e-09	0.0855994	0.637617	;
3.27e-09	0.08554	0.639045	;
3.28e-09	0.0854945	0.640481	;
3.29e-09	0.0854425	0.641904	;
3.3e-09	0.0853744	0.643308	;
3.31e-09	0.0853088	0.644709	;
3.32e-09	0.0852579	0.64612	;
3.33e-09	0.0852042	0.647523	;
3.34e-09	0.0851329	0.648904	;
3.35e-09	0.0850613	0.65028	;
3.36e-09	0.0850061	0.651667	;
3.37e-09	0.08495	0.653048	;
3.38e-09	0.0848752	0.654406	;
3.39e-09	0.0847996	0.655759	;
3.4e-09	0.084742	0.657125	;
3.41e-09	0.0846835	0.658485	;
3.42e-09	0.0846051	0.65982	;
3.43e-09	0.084526	0.661151	;
3.44e-09	0.0844647	0.662495	;
3.45e-09	0.0844014	0.663831	;
3.46e-09	0.0843187	0.665143	;
3.47e-09	0.0842374	0.666453	;
3.48e-09	0.0841736	0.667776	;
3.49e-09	0.0841067	0.66909	;
3.5e-09	0.084022	0.670382	;
3.51e-09	0.0839394	0.671672	;
3.52e-09	0.0838713	0.672972	;
3.53e-09	0.0837985	0.674262	;
3.54e-09	0.083711	0.675533	;
3.55e-09	0.0836267	0.676803	;
3.56e-09	0.0835545	0.678081	;
3.57e-09	0.0834785	0.67935	;
3.58e-09	0.0833909	0.680603	;
3.59e-09	0.083305	0.681854	;
3.6e-09	0.0832276	0.683109	;
3.61e-09	0.083147	0.684355	;
3.62e-09	0.0830575	0.685589	;
3.63e-09	0.0829691	0.686819	;
3.64e-09	0.0828876	0.688052	;
3.65e-09	0.0828054	0.68928	;
3.66e-09	0.0827158	0.690496	;
3.67e-09	0.0826244	0.691706	;
3.68e-09	0.0825381	0.692917	;
3.69e-09	0.0824529	0.694124	;
3.7e-09	0.0823612	0.695321	;
3.71e-09	0.0822669	0.696511	;
3.72e-09	0.0821782	0.697702	;
3.73e-09	0.0820921	0.698891	;
3.74e-09	0.0819988	0.700069	;
3.75e-09	0.0819008	0.701238	;
3.76e-09	0.0818087	0.702409	;
3.77e-09	0.08172	0.703579	;
3.78e-09	0.0816242	0.704738	;
3.79e-09	0.0815245	0.705889	;
3.8e-09	0.0814313	0.707042	;
3.81e-09	0.0813407	0.708194	;
3.82e-09	0.0812418	0.709333	;
3.83e-09	0.0811393	0.710464	;
3.84e-09	0.0810438	0.711599	;
3.85e-09	0.0809504	0.712731	;
3.86e-09	0.0808498	0.713852	;
3.87e-09	0.0807469	0.714967	;
3.88e-09	0.0806496	0.716083	;
3.89e-09	0.0805525	0.717195	;
3.9e-09	0.0804493	0.718298	;
3.91e-09	0.0803452	0.719395	;
3.92e-09	0.0802456	0.720493	;
3.93e-09	0.0801464	0.721588	;
3.94e-09	0.0800426	0.722673	;
3.95e-09	0.0799371	0.723753	;
3.96e-09	0.0798341	0.724832	;
3.97e-09	0.0797319	0.725908	;
3.98e-09	0.0796271	0.726977	;
3.99e-09	0.0795205	0.72804	;
4e-09	0.0794156	0.729102	;
4.01e-09	0.0793119	0.73016	;
4.02e-09	0.0792056	0.731212	;
4.03e-09	0.0790964	0.732258	;
4.04e-09	0.0789889	0.733301	;
4.05e-09	0.0788842	0.734343	;
4.06e-09	0.0787771	0.735379	;
4.07e-09	0.0786663	0.736408	;
4.08e-09	0.078557	0.737434	;
4.09e-09	0.0784503	0.738459	;
4.1e-09	0.078341	0.739478	;
4.11e-09	0.0782286	0.740489	;
4.12e-09	0.0781187	0.7415	;
4.13e-09	0.0780109	0.742509	;
4.14e-09	0.0778996	0.743511	;
4.15e-09	0.0777855	0.744506	;
4.16e-09	0.077674	0.7455	;
4.17e-09	0.0775643	0.746493	;
4.18e-09	0.0774518	0.747479	;
4.19e-09	0.0773373	0.748459	;
4.2e-09	0.0772245	0.749437	;
4.21e-09	0.0771123	0.750413	;
4.22e-09	0.0769982	0.751382	;
4.23e-09	0.076883	0.752348	;
4.24e-09	0.076769	0.75331	;
4.25e-09	0.0766554	0.75427	;
4.26e-09	0.0765404	0.755224	;
4.27e-09	0.0764238	0.756174	;
4.28e-09	0.0763078	0.75712	;
4.29e-09	0.076193	0.758065	;
4.3e-09	0.0760775	0.759004	;
4.31e-09	0.07596	0.759939	;
4.32e-09	0.0758423	0.76087	;
4.33e-09	0.0757261	0.761799	;
4.34e-09	0.0756095	0.762723	;
4.35e-09	0.0754908	0.763643	;
4.36e-09	0.0753723	0.764559	;
4.37e-09	0.0752553	0.765473	;
4.38e-09	0.0751374	0.766383	;
4.39e-09	0.0750172	0.767287	;
4.4e-09	0.0748978	0.768189	;
4.41e-09	0.07478	0.769089	;
4.42e-09	0.074661	0.769984	;
4.43e-09	0.07454	0.770874	;
4.44e-09	0.0744197	0.771761	;
4.45e-09	0.0743005	0.772646	;
4.46e-09	0.0741803	0.773526	;
4.47e-09	0.0740589	0.774402	;
4.48e-09	0.073938	0.775276	;
4.49e-09	0.0738175	0.776146	;
4.5e-09	0.0736962	0.777012	;
4.51e-09	0.0735742	0.777875	;
4.52e-09	0.0734524	0.778734	;
4.53e-09	0.0733309	0.77959	;
4.54e-09	0.0732091	0.780443	;
4.55e-09	0.0730864	0.781291	;
4.56e-09	0.0729633	0.782136	;
4.57e-09	0.072841	0.782979	;
4.58e-09	0.0727188	0.783819	;
4.59e-09	0.0725953	0.784654	;
4.6e-09	0.0724714	0.785485	;
4.61e-09	0.0723484	0.786314	;
4.62e-09	0.0722253	0.78714	;
4.63e-09	0.0721011	0.787962	;
4.64e-09	0.0719767	0.78878	;
4.65e-09	0.0718531	0.789596	;
4.66e-09	0.0717292	0.790408	;
4.67e-09	0.0716042	0.791217	;
4.68e-09	0.0714793	0.792022	;
4.69e-09	0.0713551	0.792825	;
4.7e-09	0.0712305	0.793625	;
4.71e-09	0.0711049	0.79442	;
4.72e-09	0.0709795	0.795213	;
4.73e-09	0.0708547	0.796003	;
4.74e-09	0.0707295	0.796789	;
4.75e-09	0.0706036	0.797572	;
4.76e-09	0.0704777	0.798352	;
4.77e-09	0.0703521	0.799129	;
4.78e-09	0.0702264	0.799904	;
4.79e-09	0.0701003	0.800674	;
4.8e-09	0.0699739	0.801442	;
4.81e-09	0.0698477	0.802207	;
4.82e-09	0.0697218	0.802969	;
4.83e-09	0.0695953	0.803727	;
4.84e-09	0.0694684	0.804482	;
4.85e-09	0.069342	0.805235	;
4.86e-09	0.0692158	0.805985	;
4.87e-09	0.0690889	0.806731	;
4.88e-09	0.0689617	0.807475	;
4.89e-09	0.0688351	0.808216	;
4.9e-09	0.0687085	0.808954	;
4.91e-09	0.0685811	0.809688	;
4.92e-09	0.0684537	0.81042	;
4.93e-09	0.0683267	0.811149	;
4.94e-09	0.0681996	0.811875	;
4.95e-09	0.068072	0.812598	;
4.96e-09	0.0679443	0.813317	;
4.97e-09	0.0678168	0.814035	;
4.98e-09	0.0676892	0.814749	;
4.99e-09	0.0675613	0.81546	;
5e-09	0.0674333	0.816169	;
5.01e-09	0.0673054	0.816875	;
5.02e-09	0.0671776	0.817578	;
5.03e-09	0.0670495	0.818278	;
5.04e-09	0.0669213	0.818975	;
5.05e-09	0.0667931	0.819669	;
5.06e-09	0.0666652	0.820361	;
5.07e-09	0.0665371	0.82105	;
5.08e-09	0.0664087	0.821736	;
5.09e-09	0.0662805	0.82242	;
5.1e-09	0.0661526	0.823101	;
5.11e-09	0.0660243	0.823779	;
5.12e-09	0.0658957	0.824454	;
5.13e-09	0.0657675	0.825127	;
5.14e-09	0.0656394	0.825797	;
5.15e-09	0.0655109	0.826464	;
5.16e-09	0.0653823	0.827129	;
5.17e-09	0.065254	0.827791	;
5.18e-09	0.0651257	0.828451	;
5.19e-09	0.0649971	0.829107	;
5.2e-09	0.0648686	0.829761	;
5.21e-09	0.0647402	0.830413	;
5.22e-09	0.0646119	0.831062	;
5.23e-09	0.0644834	0.831708	;
5.24e-09	0.0643549	0.832352	;
5.25e-09	0.0642264	0.832993	;
5.26e-09	0.0640981	0.833632	;
5.27e-09	0.0639697	0.834268	;
5.28e-09	0.0638411	0.834902	;
5.29e-09	0.0637126	0.835533	;
5.3e-09	0.0635843	0.836162	;
5.31e-09	0.063456	0.836788	;
5.32e-09	0.0633275	0.837411	;
5.33e-09	0.0631991	0.838032	;
5.34e-09	0.0630708	0.838651	;
5.35e-09	0.0629425	0.839267	;
5.36e-09	0.0628142	0.839881	;
5.37e-09	0.0626859	0.840493	;
5.38e-09	0.0625577	0.841102	;
5.39e-09	0.0624295	0.841708	;
5.4e-09	0.0623012	0.842312	;
5.41e-09	0.0621731	0.842914	;
5.42e-09	0.0620451	0.843513	;
5.43e-09	0.0619169	0.84411	;
5.44e-09	0.0617888	0.844705	;
5.45e-09	0.0616609	0.845297	;
5.46e-09	0.061533	0.845887	;
5.47e-09	0.0614051	0.846474	;
5.48e-09	0.0612771	0.847059	;
5.49e-09	0.0611492	0.847642	;
5.5e-09	0.0610216	0.848223	;
5.51e-09	0.060894	0.848801	;
5.52e-09	0.0607661	0.849377	;
5.53e-09	0.0606384	0.849951	;
5.54e-09	0.060511	0.850522	;
5.55e-09	0.0603836	0.851092	;
5.56e-09	0.0602561	0.851658	;
5.57e-09	0.0601286	0.852223	;
5.58e-09	0.0600013	0.852785	;
5.59e-09	0.0598742	0.853346	;
5.6e-09	0.059747	0.853904	;
5.61e-09	0.0596198	0.854459	;
5.62e-09	0.0594927	0.855013	;
5.63e-09	0.0593658	0.855564	;
5.64e-09	0.0592389	0.856114	;
5.65e-09	0.059112	0.856661	;
5.66e-09	0.0589852	0.857206	;
5.67e-09	0.0588585	0.857748	;
5.68e-09	0.058732	0.858289	;
5.69e-09	0.0586055	0.858828	;
5.7e-09	0.058479	0.859364	;
5.71e-09	0.0583527	0.859898	;
5.72e-09	0.0582264	0.86043	;
5.73e-09	0.0581004	0.86096	;
5.74e-09	0.0579747	0.861488	;
5.75e-09	0.0578493	0.862013	;
5.76e-09	0.0577243	0.862536	;
5.77e-09	0.0576004	0.863057	;
5.78e-09	0.0574778	0.863575	;
5.79e-09	0.057357	0.86409	;
5.8e-09	0.0572384	0.864601	;
5.81e-09	0.0571229	0.865107	;
5.82e-09	0.0570112	0.865609	;
5.83e-09	0.0569038	0.866102	;
5.84e-09	0.0568013	0.866584	;
5.85e-09	0.0567053	0.867048	;
5.86e-09	0.056619	0.867483	;
5.87e-09	0.0565479	0.867871	;
5.88e-09	0.0565012	0.868184	;
5.89e-09	0.0564921	0.868385	;
5.9e-09	0.0565374	0.868425	;
5.91e-09	0.0566529	0.868248	;
5.92e-09	0.0568487	0.867795	;
5.93e-09	0.0571227	0.867011	;
5.94e-09	0.0574548	0.865857	;
5.95e-09	0.0578043	0.864312	;
5.96e-09	0.0581125	0.862378	;
5.97e-09	0.0583119	0.860079	;
5.98e-09	0.0583391	0.857454	;
5.99e-09	0.0581479	0.854547	;
6e-09	0.0577172	0.851403	;
6.01e-09	0.0570521	0.848062	;
6.02e-09	0.056177	0.844567	;
6.03e-09	0.0551223	0.840959	;
6.04e-09	0.0539132	0.83728	;
6.05e-09	0.0525628	0.833566	;
6.06e-09	0.0510742	0.829826	;
6.07e-09	0.0494484	0.826038	;
6.08e-09	0.0476904	0.822143	;
6.09e-09	0.045807	0.818067	;
6.1e-09	0.0437959	0.81375	;
6.11e-09	0.0416332	0.809175	;
6.12e-09	0.0392737	0.804371	;
6.13e-09	0.0366716	0.799392	;
6.14e-09	0.0338156	0.794279	;
6.15e-09	0.0307563	0.789047	;
6.16e-09	0.0276049	0.783705	;
6.17e-09	0.024497	0.778297	;
6.18e-09	0.0215433	0.772933	;
6.19e-09	0.0187998	0.767758	;
6.2e-09	0.0162744	0.76289	;
6.21e-09	0.0139561	0.758352	;
6.22e-09	0.0118387	0.754069	;
6.23e-09	0.00992162	0.749938	;
6.24e-09	0.00819527	0.745904	;
6.25e-09	0.0066338	0.741994	;
6.26e-09	0.0052035	0.73826	;
6.27e-09	0.00387574	0.734712	;
6.28e-09	0.00262848	0.731282	;
6.29e-09	0.00143646	0.727871	;
6.3e-09	0.000267643	0.724421	;
6.31e-09	-0.000902105	0.720948	;
6.32e-09	-0.00206752	0.717511	;
6.33e-09	-0.00319019	0.714162	;
6.34e-09	-0.00422317	0.710916	;
6.35e-09	-0.00514668	0.707757	;
6.36e-09	-0.00598526	0.70466	;
6.37e-09	-0.00679275	0.701596	;
6.38e-09	-0.00761835	0.698536	;
6.39e-09	-0.00847844	0.695455	;
6.4e-09	-0.00934993	0.69236	;
6.41e-09	-0.0101863	0.68929	;
6.42e-09	-0.010948	0.686294	;
6.43e-09	-0.0116315	0.683384	;
6.44e-09	-0.0122773	0.680523	;
6.45e-09	-0.0129421	0.677651	;
6.46e-09	-0.0136523	0.674737	;
6.47e-09	-0.0143793	0.6718	;
6.48e-09	-0.0150651	0.668898	;
6.49e-09	-0.0156788	0.666076	;
6.5e-09	-0.0162452	0.663322	;
6.51e-09	-0.0168163	0.660578	;
6.52e-09	-0.0174196	0.657792	;
6.53e-09	-0.0180393	0.65497	;
6.54e-09	-0.0186396	0.652176	;
6.55e-09	-0.0191983	0.649457	;
6.56e-09	-0.0197183	0.646794	;
6.57e-09	-0.0202235	0.644123	;
6.58e-09	-0.0207449	0.641415	;
6.59e-09	-0.0212934	0.638705	;
6.6e-09	-0.0218401	0.636037	;
6.61e-09	-0.0223404	0.633413	;
6.62e-09	-0.0227909	0.630801	;
6.63e-09	-0.0232433	0.628189	;
6.64e-09	-0.0237391	0.625583	;
6.65e-09	-0.0242497	0.622986	;
6.66e-09	-0.0247147	0.620396	;
6.67e-09	-0.0251302	0.617829	;
6.68e-09	-0.0255531	0.6153	;
6.69e-09	-0.0260121	0.612787	;
6.7e-09	-0.0264682	0.61025	;
6.71e-09	-0.0268829	0.607702	;
6.72e-09	-0.0272794	0.605199	;
6.73e-09	-0.0276954	0.602749	;
6.74e-09	-0.0281172	0.600293	;
6.75e-09	-0.0285104	0.597798	;
6.76e-09	-0.0288861	0.595318	;
6.77e-09	-0.0292796	0.592902	;
6.78e-09	-0.0296817	0.590507	;
6.79e-09	-0.0300528	0.588074	;
6.8e-09	-0.0303984	0.585633	;
6.81e-09	-0.0307625	0.583252	;
6.82e-09	-0.0311482	0.580909	;
6.83e-09	-0.0315101	0.578528	;
6.84e-09	-0.0318359	0.576124	;
6.85e-09	-0.0321683	0.573779	;
6.86e-09	-0.0325277	0.571491	;
6.87e-09	-0.0328769	0.569168	;
6.88e-09	-0.0331927	0.566796	;
6.89e-09	-0.033506	0.564474	;
6.9e-09	-0.03384	0.562235	;
6.91e-09	-0.0341673	0.559978	;
6.92e-09	-0.0344677	0.55765	;
6.93e-09	-0.0347692	0.555346	;
6.94e-09	-0.0350897	0.55314	;
6.95e-09	-0.0353975	0.550944	;
6.96e-09	-0.0356743	0.54867	;
6.97e-09	-0.0359582	0.546394	;
6.98e-09	-0.0362716	0.544212	;
6.99e-09	-0.0365711	0.542061	;
7e-09	-0.0368264	0.539842	;
7.01e-09	-0.0370845	0.537605	;
7.02e-09	-0.0373856	0.535452	;
7.03e-09	-0.0376837	0.533336	;
7.04e-09	-0.0379281	0.531159	;
7.05e-09	-0.0381606	0.528965	;
7.06e-09	-0.0384405	0.526851	;
7.07e-09	-0.0387338	0.524771	;
7.08e-09	-0.0389765	0.522626	;
7.09e-09	-0.0391927	0.520467	;
7.1e-09	-0.0394473	0.518398	;
7.11e-09	-0.0397263	0.51636	;
7.12e-09	-0.0399687	0.514243	;
7.13e-09	-0.0401805	0.512111	;
7.14e-09	-0.0404141	0.510084	;
7.15e-09	-0.0406696	0.508094	;
7.16e-09	-0.0409064	0.506009	;
7.17e-09	-0.041122	0.503899	;
7.18e-09	-0.0413435	0.501906	;
7.19e-09	-0.0415718	0.499964	;
7.2e-09	-0.0417947	0.497918	;
7.21e-09	-0.0420164	0.495829	;
7.22e-09	-0.042235	0.493862	;
7.23e-09	-0.0424378	0.491964	;
7.24e-09	-0.0426403	0.489963	;
7.25e-09	-0.0428656	0.487901	;
7.26e-09	-0.0430872	0.485952	;
7.27e-09	-0.04327	0.484089	;
7.28e-09	-0.0434494	0.482137	;
7.29e-09	-0.0436733	0.480108	;
7.3e-09	-0.0438998	0.478175	;
7.31e-09	-0.044069	0.476339	;
7.32e-09	-0.0442267	0.474434	;
7.33e-09	-0.0444438	0.472446	;
7.34e-09	-0.0446732	0.470529	;
7.35e-09	-0.044835	0.468712	;
7.36e-09	-0.0449752	0.466852	;
7.37e-09	-0.0451809	0.464908	;
7.38e-09	-0.0454093	0.46301	;
7.39e-09	-0.0455685	0.461207	;
7.4e-09	-0.0456964	0.459387	;
7.41e-09	-0.0458874	0.45749	;
7.42e-09	-0.0461102	0.455613	;
7.43e-09	-0.0462702	0.453823	;
7.44e-09	-0.046391	0.452037	;
7.45e-09	-0.0465654	0.450185	;
7.46e-09	-0.0467788	0.448333	;
7.47e-09	-0.0469417	0.446556	;
7.48e-09	-0.0470594	0.444801	;
7.49e-09	-0.0472164	0.442992	;
7.5e-09	-0.0474179	0.441168	;
7.51e-09	-0.0475852	0.439404	;
7.52e-09	-0.0477025	0.437675	;
7.53e-09	-0.0478423	0.435907	;
7.54e-09	-0.0480313	0.434113	;
7.55e-09	-0.0482034	0.432364	;
7.56e-09	-0.0483217	0.430657	;
7.57e-09	-0.0484457	0.428929	;
7.58e-09	-0.0486226	0.427167	;
7.59e-09	-0.0487991	0.425433	;
7.6e-09	-0.0489185	0.423747	;
7.61e-09	-0.0490284	0.422056	;
7.62e-09	-0.0491939	0.420327	;
7.63e-09	-0.0493731	0.418609	;
7.64e-09	-0.0494927	0.416943	;
7.65e-09	-0.0495899	0.415287	;
7.66e-09	-0.0497444	0.41359	;
7.67e-09	-0.0499235	0.41189	;
7.68e-09	-0.0500419	0.410244	;
7.69e-09	-0.0501282	0.408623	;
7.7e-09	-0.0502717	0.406957	;
7.71e-09	-0.0504482	0.405276	;
7.72e-09	-0.0505647	0.403652	;
7.73e-09	-0.0506415	0.402062	;
7.74e-09	-0.0507742	0.400427	;
7.75e-09	-0.0509465	0.398767	;
7.76e-09	-0.0510605	0.397166	;
7.77e-09	-0.0511289	0.395606	;
7.78e-09	-0.0512507	0.394	;
7.79e-09	-0.051417	0.392363	;
7.8e-09	-0.0515277	0.390785	;
7.81e-09	-0.0515879	0.389254	;
7.82e-09	-0.0516987	0.387677	;
7.83e-09	-0.051858	0.386065	;
7.84e-09	-0.0519644	0.384511	;
7.85e-09	-0.0520168	0.383007	;
7.86e-09	-0.0521172	0.38146	;
7.87e-09	-0.0522693	0.379874	;
7.88e-09	-0.0523708	0.378343	;
7.89e-09	-0.052416	0.376865	;
7.9e-09	-0.0525071	0.375347	;
7.91e-09	-0.0526519	0.373787	;
7.92e-09	-0.0527481	0.37228	;
7.93e-09	-0.0527868	0.370829	;
7.94e-09	-0.0528702	0.369338	;
7.95e-09	-0.0530083	0.367802	;
7.96e-09	-0.0530995	0.366317	;
7.97e-09	-0.0531339	0.36489	;
7.98e-09	-0.0532129	0.363422	;
7.99e-09	-0.0533466	0.361907	;
8e-09	-0.053435	0.360444	;
8.01e-09	-0.0534692	0.359036	;
8.02e-09	-0.0535487	0.357586	;
8.03e-09	-0.053681	0.35609	;
8.04e-09	-0.0537688	0.354645	;
8.05e-09	-0.0538064	0.353252	;
8.06e-09	-0.0538885	0.351816	;
8.07e-09	-0.0540187	0.35034	;
8.08e-09	-0.0541042	0.348915	;
8.09e-09	-0.0541429	0.347539	;
8.1e-09	-0.0542228	0.346123	;
8.11e-09	-0.0543425	0.344675	;
8.12e-09	-0.0544167	0.343279	;
8.13e-09	-0.0544479	0.341928	;
8.14e-09	-0.0545154	0.340543	;
8.15e-09	-0.0546145	0.339134	;
8.16e-09	-0.0546709	0.337773	;
8.17e-09	-0.0546906	0.336452	;
8.18e-09	-0.0547434	0.3351	;
8.19e-09	-0.0548234	0.333727	;
8.2e-09	-0.0548677	0.332396	;
8.21e-09	-0.0548839	0.331095	;
8.22e-09	-0.0549306	0.329766	;
8.23e-09	-0.0550013	0.328419	;
8.24e-09	-0.0550433	0.327107	;
8.25e-09	-0.0550627	0.32582	;
8.26e-09	-0.0551065	0.324511	;
8.27e-09	-0.0551692	0.323189	;
8.28e-09	-0.055208	0.321896	;
8.29e-09	-0.0552266	0.320627	;
8.3e-09	-0.0552628	0.319342	;
8.31e-09	-0.0553144	0.318048	;
8.32e-09	-0.0553481	0.316777	;
8.33e-09	-0.0553645	0.315526	;
8.34e-09	-0.0553933	0.314266	;
8.35e-09	-0.0554364	0.312996	;
8.36e-09	-0.0554679	0.311744	;
8.37e-09	-0.0554836	0.31051	;
8.38e-09	-0.0555063	0.309272	;
8.39e-09	-0.0555426	0.308025	;
8.4e-09	-0.0555722	0.30679	;
8.41e-09	-0.0555855	0.305575	;
8.42e-09	-0.0556012	0.30436	;
8.43e-09	-0.0556315	0.303136	;
8.44e-09	-0.0556586	0.301919	;
8.45e-09	-0.0556681	0.300723	;
8.46e-09	-0.0556771	0.299531	;
8.47e-09	-0.0557023	0.298328	;
8.48e-09	-0.0557263	0.297129	;
8.49e-09	-0.0557315	0.295954	;
8.5e-09	-0.0557358	0.294782	;
8.51e-09	-0.0557578	0.293597	;
8.52e-09	-0.0557788	0.292417	;
8.53e-09	-0.0557796	0.291262	;
8.54e-09	-0.0557796	0.29011	;
8.55e-09	-0.0557973	0.288944	;
8.56e-09	-0.0558127	0.287786	;
8.57e-09	-0.0558086	0.28665	;
8.58e-09	-0.0558057	0.285516	;
8.59e-09	-0.0558201	0.284369	;
8.6e-09	-0.0558311	0.28323	;
8.61e-09	-0.0558243	0.282112	;
8.62e-09	-0.0558194	0.280995	;
8.63e-09	-0.0558287	0.279868	;
8.64e-09	-0.0558333	0.27875	;
8.65e-09	-0.0558229	0.277651	;
8.66e-09	-0.0558155	0.276552	;
8.67e-09	-0.0558202	0.275444	;
8.68e-09	-0.0558207	0.274344	;
8.69e-09	-0.0558095	0.273261	;
8.7e-09	-0.0557999	0.272178	;
8.71e-09	-0.0557985	0.271091	;
8.72e-09	-0.0557938	0.270012	;
8.73e-09	-0.0557801	0.268945	;
8.74e-09	-0.0557672	0.26788	;
8.75e-09	-0.0557611	0.266812	;
8.76e-09	-0.0557541	0.265749	;
8.77e-09	-0.0557395	0.264697	;
8.78e-09	-0.0557229	0.26365	;
8.79e-09	-0.0557112	0.262602	;
8.8e-09	-0.0557005	0.261557	;
8.81e-09	-0.0556832	0.260522	;
8.82e-09	-0.0556629	0.259493	;
8.83e-09	-0.0556482	0.258462	;
8.84e-09	-0.0556358	0.257432	;
8.85e-09	-0.0556162	0.256413	;
8.86e-09	-0.0555916	0.255402	;
8.87e-09	-0.0555727	0.254389	;
8.88e-09	-0.0555571	0.253377	;
8.89e-09	-0.0555343	0.252375	;
8.9e-09	-0.0555073	0.25138	;
8.91e-09	-0.0554867	0.250382	;
8.92e-09	-0.0554685	0.249386	;
8.93e-09	-0.0554417	0.248401	;
8.94e-09	-0.0554113	0.247423	;
8.95e-09	-0.0553877	0.246442	;
8.96e-09	-0.055366	0.245462	;
8.97e-09	-0.0553369	0.244493	;
8.98e-09	-0.0553055	0.24353	;
8.99e-09	-0.0552794	0.242565	;
9e-09	-0.0552533	0.241603	;
9.01e-09	-0.0552209	0.24065	;
9.02e-09	-0.0551874	0.239702	;
9.03e-09	-0.0551584	0.238753	;
9.04e-09	-0.0551295	0.237806	;
9.05e-09	-0.0550959	0.236868	;
9.06e-09	-0.0550604	0.235935	;
9.07e-09	-0.0550273	0.235002	;
9.08e-09	-0.0549948	0.234073	;
9.09e-09	-0.0549594	0.233149	;
9.1e-09	-0.0549222	0.23223	;
9.11e-09	-0.0548864	0.231313	;
9.12e-09	-0.0548517	0.230399	;
9.13e-09	-0.0548142	0.22949	;
9.14e-09	-0.0547737	0.228587	;
9.15e-09	-0.0547347	0.227686	;
9.16e-09	-0.0546983	0.226785	;
9.17e-09	-0.0546593	0.22589	;
9.18e-09	-0.0546166	0.225002	;
9.19e-09	-0.0545751	0.224116	;
9.2e-09	-0.0545361	0.22323	;
9.21e-09	-0.0544943	0.222351	;
9.22e-09	-0.0544492	0.221477	;
9.23e-09	-0.0544064	0.220605	;
9.24e-09	-0.0543656	0.219733	;
9.25e-09	-0.0543212	0.218868	;
9.26e-09	-0.0542738	0.218009	;
9.27e-09	-0.0542288	0.217151	;
9.28e-09	-0.0541854	0.216294	;
9.29e-09	-0.0541391	0.215443	;
9.3e-09	-0.0540907	0.214597	;
9.31e-09	-0.0540437	0.213752	;
9.32e-09	-0.0539972	0.21291	;
9.33e-09	-0.0539487	0.212073	;
9.34e-09	-0.0538989	0.211241	;
9.35e-09	-0.05385	0.21041	;
9.36e-09	-0.0538015	0.209581	;
9.37e-09	-0.0537513	0.208758	;
9.38e-09	-0.0536995	0.207939	;
9.39e-09	-0.053648	0.207122	;
9.4e-09	-0.0535976	0.206307	;
9.41e-09	-0.0535464	0.205496	;
9.42e-09	-0.053493	0.20469	;
9.43e-09	-0.0534392	0.203887	;
9.44e-09	-0.0533868	0.203086	;
9.45e-09	-0.0533337	0.202288	;
9.46e-09	-0.0532785	0.201495	;
9.47e-09	-0.0532233	0.200705	;
9.48e-09	-0.0531695	0.199917	;
9.49e-09	-0.0531145	0.199132	;
9.5e-09	-0.0530571	0.198353	;
9.51e-09	-0.0530004	0.197575	;
9.52e-09	-0.0529451	0.196799	;
9.53e-09	-0.0528885	0.196027	;
9.54e-09	-0.0528296	0.19526	;
9.55e-09	-0.0527713	0.194495	;
9.56e-09	-0.0527141	0.193732	;
9.57e-09	-0.0526556	0.192973	;
9.58e-09	-0.0525957	0.192218	;
9.59e-09	-0.0525362	0.191465	;
9.6e-09	-0.052477	0.190715	;
9.61e-09	-0.0524168	0.189969	;
9.62e-09	-0.0523557	0.189225	;
9.63e-09	-0.0522947	0.188485	;
9.64e-09	-0.0522339	0.187747	;
9.65e-09	-0.0521726	0.187012	;
9.66e-09	-0.0521101	0.186281	;
9.67e-09	-0.0520472	0.185553	;
9.68e-09	-0.051985	0.184827	;
9.69e-09	-0.0519226	0.184104	;
9.7e-09	-0.0518588	0.183384	;
9.71e-09	-0.0517945	0.182668	;
9.72e-09	-0.0517309	0.181954	;
9.73e-09	-0.0516671	0.181242	;
9.74e-09	-0.051602	0.180535	;
9.75e-09	-0.0515365	0.17983	;
9.76e-09	-0.0514717	0.179127	;
9.77e-09	-0.0514065	0.178427	;
9.78e-09	-0.05134	0.177732	;
9.79e-09	-0.0512734	0.177038	;
9.8e-09	-0.0512075	0.176346	;
9.81e-09	-0.051141	0.175658	;
9.82e-09	-0.0510733	0.174973	;
9.83e-09	-0.0510056	0.174291	;
9.84e-09	-0.0509384	0.173611	;
9.85e-09	-0.0508707	0.172934	;
9.86e-09	-0.0508021	0.17226	;
9.87e-09	-0.0507334	0.171588	;
9.88e-09	-0.0506648	0.170919	;
9.89e-09	-0.050596	0.170253	;
9.9e-09	-0.0505267	0.16959	;
9.91e-09	-0.0504568	0.168929	;
9.92e-09	-0.0503871	0.168271	;
9.93e-09	-0.0503174	0.167615	;
9.94e-09	-0.0502471	0.166963	;
9.95e-09	-0.0501762	0.166313	;
9.96e-09	-0.0501057	0.165665	;
9.97e-09	-0.0500352	0.16502	;
9.98e-09	-0.0499638	0.164378	;
9.99e-09	-0.049892	0.163738	;
1e-08	-0.0498207	0.163101	;
